...1,...2,...3,被保護世帯数,...5,...6,被保護実人員,...8,...9,保護開始,保護廃止,year_month
全国,NA,NA,1636239,1627387,8852,2094450,2082179,12271,15472,14705,2018-09-01
NA,北海道,NA,48664,48576,88,63378,63261,117,398,343,2018-09-01
NA,青森,NA,13582,13561,21,16583,16554,29,98,89,2018-09-01
NA,岩手,NA,6684,6648,36,8459,8407,52,67,67,2018-09-01
NA,宮城,NA,8231,8180,51,10833,10755,78,102,69,2018-09-01
NA,秋田,NA,7072,7046,26,9022,8992,30,51,54,2018-09-01
NA,山形,NA,6371,6303,68,7781,7690,91,78,65,2018-09-01
NA,福島,NA,5439,5390,49,6655,6594,61,64,60,2018-09-01
NA,茨城,NA,22173,22059,114,27834,27694,140,239,173,2018-09-01
NA,栃木,NA,9838,9766,72,12145,12042,103,86,99,2018-09-01
NA,群馬,NA,6231,6194,37,7524,7468,56,44,60,2018-09-01
NA,埼玉,NA,43775,43605,170,57115,56870,245,478,385,2018-09-01
NA,千葉,NA,40092,39910,182,51483,51233,250,440,363,2018-09-01
NA,東京,NA,224973,223874,1099,278820,277229,1591,2041,1946,2018-09-01
NA,神奈川,NA,26780,26652,128,34804,34630,174,305,269,2018-09-01
NA,新潟,NA,7104,7035,69,8947,8849,98,86,77,2018-09-01
NA,富山,NA,1440,1395,45,1653,1598,55,8,13,2018-09-01
NA,石川,NA,2587,2563,24,3008,2978,30,21,20,2018-09-01
NA,福井,NA,3371,3316,55,4095,4030,65,37,26,2018-09-01
NA,山梨,NA,5689,5595,94,7006,6886,120,59,46,2018-09-01
NA,長野,NA,6347,6284,63,7746,7656,90,74,70,2018-09-01
NA,岐阜,NA,4371,4313,58,5310,5247,63,51,41,2018-09-01
NA,静岡,NA,12027,11929,98,14724,14592,132,144,117,2018-09-01
NA,愛知,NA,17736,17583,153,22829,22599,230,208,201,2018-09-01
NA,三重,NA,12581,12486,95,15938,15812,126,120,128,2018-09-01
NA,滋賀,NA,5140,5092,48,7136,7054,82,39,69,2018-09-01
NA,京都,NA,10179,10094,85,14302,14172,130,82,82,2018-09-01
NA,大阪,NA,50701,50485,216,68133,67820,313,431,497,2018-09-01
NA,兵庫,NA,13851,13739,112,18251,18075,176,149,126,2018-09-01
NA,奈良,NA,9519,9461,58,12733,12640,93,74,99,2018-09-01
NA,和歌山,NA,4919,4875,44,5981,5922,59,46,42,2018-09-01
NA,鳥取,NA,3313,3299,14,4088,4067,21,31,37,2018-09-01
NA,島根,NA,2428,2417,11,3019,3006,13,23,32,2018-09-01
NA,岡山,NA,3803,3766,37,4752,4697,55,41,44,2018-09-01
NA,広島,NA,5806,5764,42,7637,7571,66,63,66,2018-09-01
NA,山口,NA,8667,8619,48,10730,10670,60,65,80,2018-09-01
NA,徳島,NA,10556,10513,43,13438,13382,56,63,71,2018-09-01
NA,香川,NA,3413,3383,30,4339,4296,43,34,48,2018-09-01
NA,愛媛,NA,7614,7546,68,9322,9234,88,58,76,2018-09-01
NA,高知,NA,5817,5775,42,7217,7164,53,54,64,2018-09-01
NA,福岡,NA,38101,37937,164,52273,52012,261,274,315,2018-09-01
NA,佐賀,NA,6440,6396,44,7811,7757,54,68,56,2018-09-01
NA,長崎,NA,8067,8022,45,10509,10448,61,70,68,2018-09-01
NA,熊本,NA,7428,7392,36,9366,9322,44,94,63,2018-09-01
NA,大分,NA,9055,8973,82,11175,11060,115,67,94,2018-09-01
NA,宮崎,NA,7352,7317,35,9122,9078,44,71,63,2018-09-01
NA,鹿児島,NA,11949,11811,138,15403,15210,193,98,128,2018-09-01
NA,沖縄,NA,18964,18882,82,24503,24373,130,176,170,2018-09-01
指定都市（別掲）,NA,NA,NA,NA,NA,NA,NA,NA,NA,NA,2018-09-01
NA,札幌市,NA,54852,54675,177,72251,72023,228,553,489,2018-09-01
NA,仙台市,NA,13649,13554,95,18001,17867,134,166,145,2018-09-01
NA,さいたま市,NA,15327,15247,80,19833,19710,123,168,150,2018-09-01
NA,千葉市,NA,16759,16550,209,20906,20591,315,247,196,2018-09-01
NA,横浜市,NA,53867,53740,127,69826,69634,192,574,597,2018-09-01
NA,川崎市,NA,23986,23928,58,30923,30823,100,255,269,2018-09-01
NA,相模原市,NA,10162,10135,27,13897,13858,39,117,105,2018-09-01
NA,新潟市,NA,9159,9113,46,11947,11894,53,98,74,2018-09-01
NA,静岡市,NA,7192,7122,70,9173,9077,96,72,54,2018-09-01
NA,浜松市,NA,5661,5594,67,7183,7099,84,54,65,2018-09-01
NA,名古屋市,NA,38341,38139,202,47832,47565,267,466,467,2018-09-01
NA,京都市,NA,32609,32216,393,43756,43211,545,256,272,2018-09-01
NA,大阪市,NA,114200,113501,699,139262,138397,865,1120,1101,2018-09-01
NA,堺市,NA,19260,19219,41,25468,25412,56,177,156,2018-09-01
NA,神戸市,NA,34393,34206,187,45802,45537,265,283,281,2018-09-01
NA,岡山市,NA,10003,9956,47,13273,13214,59,97,95,2018-09-01
NA,広島市,NA,18702,18631,71,24861,24771,90,175,185,2018-09-01
NA,北九州市,NA,18382,18297,85,23137,23049,88,149,151,2018-09-01
NA,福岡市,NA,33706,33537,169,43465,43233,232,368,333,2018-09-01
NA,熊本市,NA,11926,11877,49,15353,15285,68,162,144,2018-09-01
中核市　（別掲）,NA,NA,NA,NA,NA,NA,NA,NA,NA,NA,2018-09-01
NA,旭川市,NA,9907,9866,41,12560,12509,51,78,57,2018-09-01
NA,函館市,NA,9339,9324,15,11802,11786,16,80,73,2018-09-01
NA,青森市,NA,6747,6741,6,8483,8477,6,28,34,2018-09-01
NA,八戸市,NA,3613,3596,17,4483,4458,25,24,27,2018-09-01
NA,盛岡市,NA,3761,3724,37,4679,4628,51,37,35,2018-09-01
NA,秋田市,NA,4306,4297,9,5374,5363,11,32,17,2018-09-01
NA,郡山市,NA,2656,2654,2,3309,3307,2,34,14,2018-09-01
NA,いわき市,NA,3290,3274,16,4249,4233,16,47,35,2018-09-01
NA,福島市,NA,2390,2385,5,2955,2950,5,29,20,2018-09-01
NA,宇都宮市,NA,6701,6643,58,8502,8414,88,70,56,2018-09-01
NA,前橋市,NA,3297,3242,55,3982,3913,69,44,25,2018-09-01
NA,高崎市,NA,2928,2906,22,3505,3477,28,37,40,2018-09-01
NA,川越市,NA,3360,3357,3,4381,4377,4,34,18,2018-09-01
NA,越谷市,NA,3154,3141,13,4220,4204,16,27,34,2018-09-01
NA,川口市,NA,8882,8858,24,11519,11492,27,61,71,2018-09-01
NA,船橋市,NA,7004,6962,42,8980,8912,68,57,61,2018-09-01
NA,柏市,NA,3545,3540,5,4604,4598,6,44,27,2018-09-01
NA,八王子市,NA,7424,7413,11,9541,9522,19,59,44,2018-09-01
NA,横須賀市,NA,4014,3985,29,5159,5109,50,34,23,2018-09-01
NA,富山市,NA,1703,1698,5,1946,1941,5,27,14,2018-09-01
NA,金沢市,NA,3582,3560,22,4209,4185,24,18,33,2018-09-01
NA,長野市,NA,2607,2593,14,3309,3293,16,33,15,2018-09-01
NA,岐阜市,NA,5304,5255,49,6479,6418,61,28,20,2018-09-01
NA,豊橋市,NA,1738,1719,19,2084,2063,21,4,16,2018-09-01
NA,豊田市,NA,1731,1726,5,2349,2341,8,24,16,2018-09-01
NA,岡崎市,NA,1575,1561,14,2015,1997,18,32,19,2018-09-01
NA,大津市,NA,3072,3053,19,4065,4041,24,24,29,2018-09-01
NA,高槻市,NA,4283,4268,15,6029,6005,24,31,36,2018-09-01
NA,東大阪市,NA,14366,14301,65,18977,18884,93,140,110,2018-09-01
NA,豊中市,NA,7635,7598,37,10137,10063,74,56,48,2018-09-01
NA,枚方市,NA,5768,5737,31,7854,7811,43,51,41,2018-09-01
NA,八尾市,NA,5760,5757,3,7813,7807,6,60,75,2018-09-01
NA,姫路市,NA,6756,6744,12,8629,8611,18,56,45,2018-09-01
NA,西宮市,NA,5947,5869,78,8012,7880,132,31,32,2018-09-01
NA,尼崎市,NA,13941,13903,38,18195,18146,49,99,95,2018-09-01
NA,明石市,NA,3932,3911,21,5306,5274,32,18,32,2018-09-01
NA,奈良市,NA,5457,5375,82,7438,7316,122,27,29,2018-09-01
NA,和歌山市,NA,7750,7733,17,9339,9319,20,59,63,2018-09-01
NA,鳥取市,NA,2243,2208,35,3103,3038,65,15,19,2018-09-01
NA,松江市,NA,2097,2088,9,2737,2720,17,21,18,2018-09-01
NA,倉敷市,NA,5288,5268,20,7213,7186,27,62,63,2018-09-01
NA,福山市,NA,4843,4833,10,6351,6339,12,37,29,2018-09-01
NA,呉市,NA,2853,2815,38,3590,3544,46,22,26,2018-09-01
NA,下関市,NA,3383,3362,21,4190,4160,30,27,28,2018-09-01
NA,高松市,NA,4866,4828,38,6175,6122,53,42,41,2018-09-01
NA,松山市,NA,9796,9782,14,11991,11975,16,58,63,2018-09-01
NA,高知市,NA,9178,9110,68,11833,11743,90,61,66,2018-09-01
NA,久留米市,NA,5168,5158,10,6672,6661,11,28,33,2018-09-01
NA,長崎市,NA,9473,9413,60,12533,12464,69,56,77,2018-09-01
NA,佐世保市,NA,4126,4111,15,5309,5285,24,36,37,2018-09-01
NA,大分市,NA,6930,6873,57,8552,8474,78,54,37,2018-09-01
NA,宮崎市,NA,6888,6870,18,8730,8712,18,69,42,2018-09-01
NA,鹿児島市,NA,11689,11546,143,15199,14990,209,83,82,2018-09-01
NA,那覇市,NA,9817,9795,22,12719,12696,23,100,65,2018-09-01
