"prefec_kanji","date","households_total","households_receive","households_suspend","persons_total","persons_receive","persons_suspend","households_start","households_end","prefec","id","year","month"
"北海道","2018-01-01",123469,123278,191,162972,162733,239,1011,1165,"Hokkaido",1,2018,1
"北海道","2018-02-01",123474,123296,178,162875,162654,221,1083,1099,"Hokkaido",1,2018,2
"北海道","2018-03-01",123655,123451,204,163089,162843,246,1282,1422,"Hokkaido",1,2018,3
"北海道","2018-04-01",123394,123182,212,161811,161554,257,1161,1344,"Hokkaido",1,2018,4
"北海道","2018-05-01",123271,123027,244,161285,160996,289,1221,1357,"Hokkaido",1,2018,5
"北海道","2018-06-01",122981,122690,291,160591,160225,366,1064,1185,"Hokkaido",1,2018,6
"北海道","2018-07-01",122999,122666,333,160547,160130,417,1204,1177,"Hokkaido",1,2018,7
"北海道","2018-08-01",122939,122599,340,160339,159904,435,1118,1287,"Hokkaido",1,2018,8
"北海道","2018-09-01",122762,122441,321,159991,159579,412,1109,962,"Hokkaido",1,2018,9
"北海道","2018-10-01",123043,122758,285,160276,159904,372,1243,1156,"Hokkaido",1,2018,10
"北海道","2018-11-01",123243,123015,228,160492,160212,280,1355,1186,"Hokkaido",1,2018,11
"北海道","2018-12-01",123308,123084,224,160494,160217,277,1251,1107,"Hokkaido",1,2018,12
"北海道","2019-01-01",123183,122995,188,160290,160049,241,981,1178,"Hokkaido",1,2019,1
"北海道","2019-02-01",123058,122881,177,160077,159852,225,1053,1088,"Hokkaido",1,2019,2
"北海道","2019-03-01",123285,123112,173,160323,160097,226,1315,1390,"Hokkaido",1,2019,3
"北海道","2019-04-01",123218,123054,164,159310,159108,202,1323,1239,"Hokkaido",1,2019,4
"北海道","2019-05-01",123071,122813,258,158820,158500,320,1092,1265,"Hokkaido",1,2019,5
"北海道","2019-06-01",122827,122510,317,158244,157847,397,1020,1137,"Hokkaido",1,2019,6
"北海道","2019-07-01",122925,122589,336,158139,157723,416,1235,1192,"Hokkaido",1,2019,7
"北海道","2019-08-01",122807,122438,369,157851,157395,456,1075,1207,"Hokkaido",1,2019,8
"北海道","2019-09-01",122724,122416,308,157600,157222,378,1124,1143,"Hokkaido",1,2019,9
"北海道","2019-10-01",122759,122485,274,157629,157295,334,1177,1204,"Hokkaido",1,2019,10
"北海道","2019-11-01",122808,122563,245,157583,157290,293,1253,1152,"Hokkaido",1,2019,11
"北海道","2019-12-01",122971,122729,242,157826,157523,303,1315,1106,"Hokkaido",1,2019,12
"北海道","2020-01-01",122951,122710,241,157740,157439,301,1086,1242,"Hokkaido",1,2020,1
"北海道","2020-02-01",122773,122556,217,157447,157174,273,1064,1092,"Hokkaido",1,2020,2
"北海道","2020-03-01",123018,122817,201,157833,157587,246,1337,1320,"Hokkaido",1,2020,3
"北海道","2020-04-01",123017,122823,194,157056,156843,213,1318,1293,"Hokkaido",1,2020,4
"北海道","2020-05-01",122750,122456,294,156398,156065,333,1026,1161,"Hokkaido",1,2020,5
"北海道","2020-06-01",122522,122192,330,155910,155519,391,934,1218,"Hokkaido",1,2020,6
"北海道","2020-07-01",122478,122118,360,155719,155271,448,1174,1228,"Hokkaido",1,2020,7
"北海道","2020-08-01",122268,121879,389,155239,154767,472,1017,1178,"Hokkaido",1,2020,8
"北海道","2020-09-01",122279,121939,340,155206,154783,423,1188,1151,"Hokkaido",1,2020,9
"北海道","2020-10-01",122274,121972,302,155118,154757,361,1147,1198,"Hokkaido",1,2020,10
"北海道","2020-11-01",122341,122075,266,155113,154796,317,1264,1131,"Hokkaido",1,2020,11
"北海道","2020-12-01",122463,122229,234,155239,154956,283,1253,1146,"Hokkaido",1,2020,12
"北海道","2021-01-01",122427,122201,226,155200,154934,266,1110,1196,"Hokkaido",1,2021,1
"北海道","2021-02-01",122343,122120,223,155087,154830,257,1112,1052,"Hokkaido",1,2021,2
"北海道","2021-03-01",122687,122476,211,155506,155268,238,1395,1339,"Hokkaido",1,2021,3
"北海道","2021-04-01",122616,122372,244,154639,154355,284,1270,1244,"Hokkaido",1,2021,4
"北海道","2021-05-01",122443,122084,359,154244,153831,413,1072,1201,"Hokkaido",1,2021,5
"北海道","2021-06-01",122352,121959,393,153917,153465,452,1110,1262,"Hokkaido",1,2021,6
"北海道","2021-07-01",122195,121777,418,153654,153166,488,1106,1250,"Hokkaido",1,2021,7
"北海道","2021-08-01",121942,121517,425,153260,152761,499,998,1279,"Hokkaido",1,2021,8
"北海道","2021-09-01",121873,121539,334,153139,152741,398,1209,1126,"Hokkaido",1,2021,9
"北海道","2021-10-01",121900,121598,302,153069,152709,360,1153,1185,"Hokkaido",1,2021,10
"北海道","2021-11-01",122099,121840,259,153289,152971,318,1385,1226,"Hokkaido",1,2021,11
"北海道","2021-12-01",122204,121966,238,153418,153125,293,1330,1106,"Hokkaido",1,2021,12
"北海道","2022-01-01",122092,121859,233,153253,152968,285,993,1124,"Hokkaido",1,2022,1
"北海道","2022-02-01",121946,121721,225,152956,152691,265,978,1055,"Hokkaido",1,2022,2
"北海道","2022-03-01",122061,121852,209,153136,152899,237,1170,1324,"Hokkaido",1,2022,3
"北海道","2022-04-01",121926,121717,209,152293,152059,234,1189,1214,"Hokkaido",1,2022,4
"北海道","2022-05-01",121876,121561,315,152091,151728,363,1164,1201,"Hokkaido",1,2022,5
"青森","2018-01-01",24176,24144,32,30029,29994,35,166,204,"Aomori",2,2018,1
"青森","2018-02-01",24122,24091,31,29954,29920,34,150,184,"Aomori",2,2018,2
"青森","2018-03-01",24124,24094,30,29955,29921,34,186,215,"Aomori",2,2018,3
"青森","2018-04-01",24072,24039,33,29812,29773,39,163,163,"Aomori",2,2018,4
"青森","2018-05-01",24109,24074,35,29831,29789,42,200,210,"Aomori",2,2018,5
"青森","2018-06-01",24073,24029,44,29748,29698,50,174,194,"Aomori",2,2018,6
"青森","2018-07-01",24053,24011,42,29709,29660,49,173,200,"Aomori",2,2018,7
"青森","2018-08-01",24000,23954,46,29631,29578,53,147,208,"Aomori",2,2018,8
"青森","2018-09-01",23942,23898,44,29549,29489,60,150,150,"Aomori",2,2018,9
"青森","2018-10-01",23978,23938,40,29583,29527,56,186,200,"Aomori",2,2018,10
"青森","2018-11-01",23963,23920,43,29549,29492,57,185,164,"Aomori",2,2018,11
"青森","2018-12-01",23999,23962,37,29580,29531,49,200,168,"Aomori",2,2018,12
"青森","2019-01-01",24018,23988,30,29596,29558,38,187,211,"Aomori",2,2019,1
"青森","2019-02-01",23971,23933,38,29529,29483,46,164,178,"Aomori",2,2019,2
"青森","2019-03-01",23994,23955,39,29576,29534,42,201,204,"Aomori",2,2019,3
"青森","2019-04-01",23973,23936,37,29451,29411,40,183,178,"Aomori",2,2019,4
"青森","2019-05-01",23973,23938,35,29403,29366,37,178,206,"Aomori",2,2019,5
"青森","2019-06-01",23946,23906,40,29330,29288,42,179,183,"Aomori",2,2019,6
"青森","2019-07-01",23991,23944,47,29379,29327,52,228,201,"Aomori",2,2019,7
"青森","2019-08-01",23959,23907,52,29364,29304,60,169,211,"Aomori",2,2019,8
"青森","2019-09-01",23923,23874,49,29322,29263,59,175,157,"Aomori",2,2019,9
"青森","2019-10-01",23968,23911,57,29357,29288,69,202,179,"Aomori",2,2019,10
"青森","2019-11-01",23986,23929,57,29356,29288,68,197,196,"Aomori",2,2019,11
"青森","2019-12-01",23960,23906,54,29313,29244,69,170,176,"Aomori",2,2019,12
"青森","2020-01-01",23972,23923,49,29341,29279,62,188,223,"Aomori",2,2020,1
"青森","2020-02-01",23910,23866,44,29251,29197,54,161,168,"Aomori",2,2020,2
"青森","2020-03-01",23938,23900,38,29273,29230,43,196,205,"Aomori",2,2020,3
"青森","2020-04-01",23926,23886,40,29177,29136,41,193,207,"Aomori",2,2020,4
"青森","2020-05-01",23864,23813,51,29068,29013,55,145,201,"Aomori",2,2020,5
"青森","2020-06-01",23808,23757,51,28967,28908,59,145,185,"Aomori",2,2020,6
"青森","2020-07-01",23810,23757,53,28938,28875,63,187,188,"Aomori",2,2020,7
"青森","2020-08-01",23753,23702,51,28842,28777,65,131,174,"Aomori",2,2020,8
"青森","2020-09-01",23754,23708,46,28850,28799,51,175,172,"Aomori",2,2020,9
"青森","2020-10-01",23776,23738,38,28873,28830,43,194,183,"Aomori",2,2020,10
"青森","2020-11-01",23772,23742,30,28857,28821,36,179,220,"Aomori",2,2020,11
"青森","2020-12-01",23747,23715,32,28852,28815,37,195,183,"Aomori",2,2020,12
"青森","2021-01-01",23740,23712,28,28842,28813,29,176,222,"Aomori",2,2021,1
"青森","2021-02-01",23684,23657,27,28777,28750,27,166,175,"Aomori",2,2021,2
"青森","2021-03-01",23739,23710,29,28866,28837,29,230,278,"Aomori",2,2021,3
"青森","2021-04-01",23658,23634,24,28683,28657,26,197,173,"Aomori",2,2021,4
"青森","2021-05-01",23638,23601,37,28599,28553,46,153,201,"Aomori",2,2021,5
"青森","2021-06-01",23595,23553,42,28515,28464,51,158,188,"Aomori",2,2021,6
"青森","2021-07-01",23581,23542,39,28494,28448,46,174,203,"Aomori",2,2021,7
"青森","2021-08-01",23545,23498,47,28432,28374,58,167,210,"Aomori",2,2021,8
"青森","2021-09-01",23517,23471,46,28387,28330,57,182,182,"Aomori",2,2021,9
"青森","2021-10-01",23485,23440,45,28344,28283,61,150,205,"Aomori",2,2021,10
"青森","2021-11-01",23489,23448,41,28335,28283,52,209,199,"Aomori",2,2021,11
"青森","2021-12-01",23513,23481,32,28347,28309,38,223,202,"Aomori",2,2021,12
"青森","2022-01-01",23476,23443,33,28293,28254,39,165,204,"Aomori",2,2022,1
"青森","2022-02-01",23435,23403,32,28234,28197,37,162,198,"Aomori",2,2022,2
"青森","2022-03-01",23388,23357,31,28181,28146,35,151,249,"Aomori",2,2022,3
"青森","2022-04-01",23302,23269,33,28006,27966,40,163,197,"Aomori",2,2022,4
"青森","2022-05-01",23278,23238,40,27952,27908,44,173,181,"Aomori",2,2022,5
"岩手","2018-01-01",10473,10432,41,13320,13259,61,97,108,"Iwate",3,2018,1
"岩手","2018-02-01",10470,10431,39,13306,13245,61,105,105,"Iwate",3,2018,2
"岩手","2018-03-01",10486,10456,30,13338,13287,51,121,150,"Iwate",3,2018,3
"岩手","2018-04-01",10452,10421,31,13224,13172,52,114,101,"Iwate",3,2018,4
"岩手","2018-05-01",10468,10425,43,13225,13166,59,118,116,"Iwate",3,2018,5
"岩手","2018-06-01",10461,10400,61,13200,13119,81,109,122,"Iwate",3,2018,6
"岩手","2018-07-01",10450,10382,68,13165,13076,89,111,116,"Iwate",3,2018,7
"岩手","2018-08-01",10449,10378,71,13160,13056,104,115,108,"Iwate",3,2018,8
"岩手","2018-09-01",10445,10372,73,13138,13035,103,104,102,"Iwate",3,2018,9
"岩手","2018-10-01",10461,10386,75,13143,13037,106,118,101,"Iwate",3,2018,10
"岩手","2018-11-01",10483,10425,58,13169,13084,85,123,93,"Iwate",3,2018,11
"岩手","2018-12-01",10505,10452,53,13206,13132,74,114,81,"Iwate",3,2018,12
"岩手","2019-01-01",10532,10487,45,13230,13162,68,109,114,"Iwate",3,2019,1
"岩手","2019-02-01",10525,10479,46,13198,13128,70,106,93,"Iwate",3,2019,2
"岩手","2019-03-01",10577,10539,38,13267,13209,58,145,120,"Iwate",3,2019,3
"岩手","2019-04-01",10602,10558,44,13253,13183,70,145,110,"Iwate",3,2019,4
"岩手","2019-05-01",10600,10561,39,13214,13160,54,108,126,"Iwate",3,2019,5
"岩手","2019-06-01",10558,10515,43,13136,13083,53,84,121,"Iwate",3,2019,6
"岩手","2019-07-01",10565,10510,55,13150,13084,66,128,123,"Iwate",3,2019,7
"岩手","2019-08-01",10544,10480,64,13096,13010,86,102,112,"Iwate",3,2019,8
"岩手","2019-09-01",10549,10481,68,13090,12991,99,117,106,"Iwate",3,2019,9
"岩手","2019-10-01",10559,10486,73,13096,12994,102,116,116,"Iwate",3,2019,10
"岩手","2019-11-01",10551,10492,59,13086,13007,79,108,116,"Iwate",3,2019,11
"岩手","2019-12-01",10559,10499,60,13078,12998,80,124,87,"Iwate",3,2019,12
"岩手","2020-01-01",10562,10509,53,13092,13016,76,90,117,"Iwate",3,2020,1
"岩手","2020-02-01",10528,10471,57,13017,12939,78,83,94,"Iwate",3,2020,2
"岩手","2020-03-01",10559,10512,47,13073,13012,61,128,151,"Iwate",3,2020,3
"岩手","2020-04-01",10524,10476,48,12975,12918,57,117,110,"Iwate",3,2020,4
"岩手","2020-05-01",10520,10472,48,12927,12871,56,107,121,"Iwate",3,2020,5
"岩手","2020-06-01",10457,10409,48,12832,12776,56,58,91,"Iwate",3,2020,6
"岩手","2020-07-01",10480,10437,43,12857,12799,58,115,96,"Iwate",3,2020,7
"岩手","2020-08-01",10463,10403,60,12820,12738,82,79,94,"Iwate",3,2020,8
"岩手","2020-09-01",10473,10414,59,12822,12749,73,104,121,"Iwate",3,2020,9
"岩手","2020-10-01",10455,10402,53,12797,12731,66,103,133,"Iwate",3,2020,10
"岩手","2020-11-01",10440,10392,48,12793,12728,65,118,95,"Iwate",3,2020,11
"岩手","2020-12-01",10473,10423,50,12815,12754,61,128,108,"Iwate",3,2020,12
"岩手","2021-01-01",10469,10434,35,12800,12755,45,103,119,"Iwate",3,2021,1
"岩手","2021-02-01",10448,10410,38,12775,12724,51,98,103,"Iwate",3,2021,2
"岩手","2021-03-01",10488,10457,31,12827,12788,39,143,139,"Iwate",3,2021,3
"岩手","2021-04-01",10469,10433,36,12787,12743,44,120,115,"Iwate",3,2021,4
"岩手","2021-05-01",10455,10416,39,12751,12700,51,103,118,"Iwate",3,2021,5
"岩手","2021-06-01",10426,10374,52,12678,12611,67,89,124,"Iwate",3,2021,6
"岩手","2021-07-01",10425,10362,63,12657,12573,84,123,101,"Iwate",3,2021,7
"岩手","2021-08-01",10411,10348,63,12616,12526,90,88,111,"Iwate",3,2021,8
"岩手","2021-09-01",10408,10346,62,12592,12507,85,108,119,"Iwate",3,2021,9
"岩手","2021-10-01",10395,10340,55,12568,12491,77,106,113,"Iwate",3,2021,10
"岩手","2021-11-01",10420,10365,55,12593,12524,69,138,103,"Iwate",3,2021,11
"岩手","2021-12-01",10434,10395,39,12611,12560,51,117,109,"Iwate",3,2021,12
"岩手","2022-01-01",10432,10388,44,12580,12527,53,107,101,"Iwate",3,2022,1
"岩手","2022-02-01",10445,10407,38,12595,12550,45,114,102,"Iwate",3,2022,2
"岩手","2022-03-01",10478,10435,43,12641,12591,50,135,138,"Iwate",3,2022,3
"岩手","2022-04-01",10449,10402,47,12565,12510,55,109,102,"Iwate",3,2022,4
"岩手","2022-05-01",10464,10410,54,12548,12486,62,117,130,"Iwate",3,2022,5
"宮城","2018-01-01",21600,21476,124,28808,28622,186,262,215,"Miyagi",4,2018,1
"宮城","2018-02-01",21633,21512,121,28810,28624,186,248,245,"Miyagi",4,2018,2
"宮城","2018-03-01",21687,21573,114,28855,28695,160,299,276,"Miyagi",4,2018,3
"宮城","2018-04-01",21648,21545,103,28706,28563,143,236,208,"Miyagi",4,2018,4
"宮城","2018-05-01",21706,21598,108,28724,28580,144,266,243,"Miyagi",4,2018,5
"宮城","2018-06-01",21731,21612,119,28720,28545,175,268,227,"Miyagi",4,2018,6
"宮城","2018-07-01",21795,21671,124,28780,28600,180,291,217,"Miyagi",4,2018,7
"宮城","2018-08-01",21850,21723,127,28811,28628,183,273,238,"Miyagi",4,2018,8
"宮城","2018-09-01",21880,21734,146,28834,28622,212,268,214,"Miyagi",4,2018,9
"宮城","2018-10-01",21936,21800,136,28895,28697,198,270,226,"Miyagi",4,2018,10
"宮城","2018-11-01",22019,21889,130,29019,28831,188,309,224,"Miyagi",4,2018,11
"宮城","2018-12-01",22048,21925,123,29058,28882,176,253,204,"Miyagi",4,2018,12
"宮城","2019-01-01",22088,21964,124,29122,28946,176,244,233,"Miyagi",4,2019,1
"宮城","2019-02-01",22145,22027,118,29179,29009,170,290,263,"Miyagi",4,2019,2
"宮城","2019-03-01",22184,22069,115,29228,29070,158,302,255,"Miyagi",4,2019,3
"宮城","2019-04-01",22163,22057,106,29081,28924,157,234,195,"Miyagi",4,2019,4
"宮城","2019-05-01",22242,22139,103,29155,29007,148,274,239,"Miyagi",4,2019,5
"宮城","2019-06-01",22272,22154,118,29156,28988,168,269,211,"Miyagi",4,2019,6
"宮城","2019-07-01",22402,22274,128,29326,29141,185,341,267,"Miyagi",4,2019,7
"宮城","2019-08-01",22407,22262,145,29308,29101,207,272,268,"Miyagi",4,2019,8
"宮城","2019-09-01",22414,22276,138,29294,29104,190,275,221,"Miyagi",4,2019,9
"宮城","2019-10-01",22495,22345,150,29377,29167,210,302,248,"Miyagi",4,2019,10
"宮城","2019-11-01",22541,22408,133,29417,29224,193,294,246,"Miyagi",4,2019,11
"宮城","2019-12-01",22554,22407,147,29418,29210,208,259,227,"Miyagi",4,2019,12
"宮城","2020-01-01",22561,22418,143,29402,29201,201,234,238,"Miyagi",4,2020,1
"宮城","2020-02-01",22593,22457,136,29381,29193,188,270,286,"Miyagi",4,2020,2
"宮城","2020-03-01",22591,22447,144,29362,29171,191,284,262,"Miyagi",4,2020,3
"宮城","2020-04-01",22601,22473,128,29284,29116,168,272,187,"Miyagi",4,2020,4
"宮城","2020-05-01",22696,22571,125,29371,29204,167,282,208,"Miyagi",4,2020,5
"宮城","2020-06-01",22721,22601,120,29380,29205,175,233,224,"Miyagi",4,2020,6
"宮城","2020-07-01",22754,22614,140,29388,29191,197,257,226,"Miyagi",4,2020,7
"宮城","2020-08-01",22762,22602,160,29387,29179,208,234,249,"Miyagi",4,2020,8
"宮城","2020-09-01",22771,22605,166,29401,29186,215,258,249,"Miyagi",4,2020,9
"宮城","2020-10-01",22810,22660,150,29444,29250,194,288,241,"Miyagi",4,2020,10
"宮城","2020-11-01",22799,22666,133,29416,29243,173,230,202,"Miyagi",4,2020,11
"宮城","2020-12-01",22857,22709,148,29473,29288,185,260,233,"Miyagi",4,2020,12
"宮城","2021-01-01",22880,22739,141,29503,29313,190,256,243,"Miyagi",4,2021,1
"宮城","2021-02-01",22930,22803,127,29555,29381,174,293,243,"Miyagi",4,2021,2
"宮城","2021-03-01",22977,22860,117,29641,29478,163,290,242,"Miyagi",4,2021,3
"宮城","2021-04-01",23023,22902,121,29619,29451,168,286,168,"Miyagi",4,2021,4
"宮城","2021-05-01",23131,22995,136,29699,29517,182,276,240,"Miyagi",4,2021,5
"宮城","2021-06-01",23191,23045,146,29728,29541,187,300,247,"Miyagi",4,2021,6
"宮城","2021-07-01",23249,23105,144,29788,29596,192,305,233,"Miyagi",4,2021,7
"宮城","2021-08-01",23279,23119,160,29828,29612,216,263,228,"Miyagi",4,2021,8
"宮城","2021-09-01",23353,23197,156,29925,29711,214,302,255,"Miyagi",4,2021,9
"宮城","2021-10-01",23388,23246,142,29925,29732,193,290,255,"Miyagi",4,2021,10
"宮城","2021-11-01",23391,23251,140,29928,29741,187,258,254,"Miyagi",4,2021,11
"宮城","2021-12-01",23464,23310,154,30018,29819,199,327,287,"Miyagi",4,2021,12
"宮城","2022-01-01",23448,23289,159,30001,29792,209,271,245,"Miyagi",4,2022,1
"宮城","2022-02-01",23436,23279,157,29956,29741,215,233,241,"Miyagi",4,2022,2
"宮城","2022-03-01",23463,23317,146,30010,29806,204,268,269,"Miyagi",4,2022,3
"宮城","2022-04-01",23432,23294,138,29857,29675,182,238,201,"Miyagi",4,2022,4
"宮城","2022-05-01",23523,23382,141,29945,29752,193,292,220,"Miyagi",4,2022,5
"秋田","2018-01-01",11437,11416,21,14601,14574,27,109,113,"Akita",5,2018,1
"秋田","2018-02-01",11409,11387,22,14569,14542,27,86,105,"Akita",5,2018,2
"秋田","2018-03-01",11413,11393,20,14584,14561,23,109,125,"Akita",5,2018,3
"秋田","2018-04-01",11395,11376,19,14531,14509,22,107,128,"Akita",5,2018,4
"秋田","2018-05-01",11381,11367,14,14477,14461,16,114,102,"Akita",5,2018,5
"秋田","2018-06-01",11374,11354,20,14462,14433,29,95,85,"Akita",5,2018,6
"秋田","2018-07-01",11412,11376,36,14486,14437,49,123,102,"Akita",5,2018,7
"秋田","2018-08-01",11418,11379,39,14470,14424,46,107,123,"Akita",5,2018,8
"秋田","2018-09-01",11378,11343,35,14396,14355,41,83,71,"Akita",5,2018,9
"秋田","2018-10-01",11417,11387,30,14447,14410,37,110,121,"Akita",5,2018,10
"秋田","2018-11-01",11432,11403,29,14463,14429,34,136,110,"Akita",5,2018,11
"秋田","2018-12-01",11431,11407,24,14468,14439,29,109,100,"Akita",5,2018,12
"秋田","2019-01-01",11440,11414,26,14472,14437,35,109,109,"Akita",5,2019,1
"秋田","2019-02-01",11420,11392,28,14433,14396,37,89,98,"Akita",5,2019,2
"秋田","2019-03-01",11424,11401,23,14432,14406,26,102,138,"Akita",5,2019,3
"秋田","2019-04-01",11387,11370,17,14357,14337,20,101,120,"Akita",5,2019,4
"秋田","2019-05-01",11365,11342,23,14326,14300,26,99,99,"Akita",5,2019,5
"秋田","2019-06-01",11347,11318,29,14269,14231,38,81,108,"Akita",5,2019,6
"秋田","2019-07-01",11354,11327,27,14267,14230,37,115,121,"Akita",5,2019,7
"秋田","2019-08-01",11316,11284,32,14209,14163,46,83,105,"Akita",5,2019,8
"秋田","2019-09-01",11306,11278,28,14184,14144,40,95,92,"Akita",5,2019,9
"秋田","2019-10-01",11323,11299,24,14206,14175,31,109,111,"Akita",5,2019,10
"秋田","2019-11-01",11312,11288,24,14176,14146,30,100,129,"Akita",5,2019,11
"秋田","2019-12-01",11304,11280,24,14176,14145,31,120,120,"Akita",5,2019,12
"秋田","2020-01-01",11277,11256,21,14131,14099,32,93,118,"Akita",5,2020,1
"秋田","2020-02-01",11249,11221,28,14091,14049,42,90,100,"Akita",5,2020,2
"秋田","2020-03-01",11250,11223,27,14078,14040,38,101,127,"Akita",5,2020,3
"秋田","2020-04-01",11218,11188,30,13994,13952,42,95,124,"Akita",5,2020,4
"秋田","2020-05-01",11165,11130,35,13907,13859,48,71,120,"Akita",5,2020,5
"秋田","2020-06-01",11106,11072,34,13818,13774,44,61,114,"Akita",5,2020,6
"秋田","2020-07-01",11082,11039,43,13782,13717,65,90,124,"Akita",5,2020,7
"秋田","2020-08-01",11031,10994,37,13697,13641,56,73,117,"Akita",5,2020,8
"秋田","2020-09-01",11014,10981,33,13678,13636,42,100,94,"Akita",5,2020,9
"秋田","2020-10-01",11000,10970,30,13646,13610,36,80,103,"Akita",5,2020,10
"秋田","2020-11-01",10990,10960,30,13647,13608,39,93,112,"Akita",5,2020,11
"秋田","2020-12-01",10991,10961,30,13650,13613,37,113,112,"Akita",5,2020,12
"秋田","2021-01-01",10955,10927,28,13614,13584,30,76,103,"Akita",5,2021,1
"秋田","2021-02-01",10932,10910,22,13562,13536,26,80,127,"Akita",5,2021,2
"秋田","2021-03-01",10951,10933,18,13612,13590,22,146,115,"Akita",5,2021,3
"秋田","2021-04-01",10946,10934,12,13599,13582,17,110,117,"Akita",5,2021,4
"秋田","2021-05-01",10897,10879,18,13499,13477,22,68,110,"Akita",5,2021,5
"秋田","2021-06-01",10888,10867,21,13440,13415,25,101,104,"Akita",5,2021,6
"秋田","2021-07-01",10891,10872,19,13445,13421,24,107,119,"Akita",5,2021,7
"秋田","2021-08-01",10861,10839,22,13414,13390,24,89,93,"Akita",5,2021,8
"秋田","2021-09-01",10861,10841,20,13404,13381,23,93,119,"Akita",5,2021,9
"秋田","2021-10-01",10833,10813,20,13381,13355,26,91,114,"Akita",5,2021,10
"秋田","2021-11-01",10837,10819,18,13383,13360,23,118,86,"Akita",5,2021,11
"秋田","2021-12-01",10835,10817,18,13378,13357,21,84,102,"Akita",5,2021,12
"秋田","2022-01-01",10816,10795,21,13352,13325,27,83,98,"Akita",5,2022,1
"秋田","2022-02-01",10810,10793,17,13326,13304,22,92,104,"Akita",5,2022,2
"秋田","2022-03-01",10798,10783,15,13308,13290,18,92,140,"Akita",5,2022,3
"秋田","2022-04-01",10735,10714,21,13197,13173,24,77,107,"Akita",5,2022,4
"秋田","2022-05-01",10723,10701,22,13161,13136,25,95,99,"Akita",5,2022,5
"山形","2018-01-01",6318,6265,53,7775,7710,65,72,76,"Yamagata",6,2018,1
"山形","2018-02-01",6336,6288,48,7786,7727,59,94,68,"Yamagata",6,2018,2
"山形","2018-03-01",6349,6300,49,7795,7737,58,81,73,"Yamagata",6,2018,3
"山形","2018-04-01",6336,6289,47,7765,7708,57,61,33,"Yamagata",6,2018,4
"山形","2018-05-01",6375,6327,48,7793,7736,57,72,78,"Yamagata",6,2018,5
"山形","2018-06-01",6376,6326,50,7794,7728,66,79,76,"Yamagata",6,2018,6
"山形","2018-07-01",6385,6320,65,7794,7710,84,85,69,"Yamagata",6,2018,7
"山形","2018-08-01",6387,6317,70,7792,7698,94,71,94,"Yamagata",6,2018,8
"山形","2018-09-01",6371,6303,68,7781,7690,91,78,65,"Yamagata",6,2018,9
"山形","2018-10-01",6394,6327,67,7820,7735,85,88,63,"Yamagata",6,2018,10
"山形","2018-11-01",6427,6356,71,7864,7777,87,96,80,"Yamagata",6,2018,11
"山形","2018-12-01",6436,6368,68,7877,7791,86,89,70,"Yamagata",6,2018,12
"山形","2019-01-01",6440,6366,74,7876,7772,104,74,68,"Yamagata",6,2019,1
"山形","2019-02-01",6456,6383,73,7915,7818,97,84,64,"Yamagata",6,2019,2
"山形","2019-03-01",6472,6406,66,7906,7820,86,80,72,"Yamagata",6,2019,3
"山形","2019-04-01",6461,6404,57,7878,7806,72,61,56,"Yamagata",6,2019,4
"山形","2019-05-01",6472,6409,63,7878,7794,84,67,71,"Yamagata",6,2019,5
"山形","2019-06-01",6474,6404,70,7873,7781,92,73,80,"Yamagata",6,2019,6
"山形","2019-07-01",6482,6408,74,7879,7781,98,88,52,"Yamagata",6,2019,7
"山形","2019-08-01",6514,6439,75,7907,7806,101,84,66,"Yamagata",6,2019,8
"山形","2019-09-01",6532,6458,74,7920,7824,96,84,57,"Yamagata",6,2019,9
"山形","2019-10-01",6548,6473,75,7942,7837,105,73,80,"Yamagata",6,2019,10
"山形","2019-11-01",6548,6484,64,7933,7841,92,80,70,"Yamagata",6,2019,11
"山形","2019-12-01",6565,6493,72,7965,7868,97,87,63,"Yamagata",6,2019,12
"山形","2020-01-01",6570,6505,65,7969,7879,90,68,62,"Yamagata",6,2020,1
"山形","2020-02-01",6571,6506,65,7974,7886,88,63,73,"Yamagata",6,2020,2
"山形","2020-03-01",6586,6517,69,8000,7911,89,88,79,"Yamagata",6,2020,3
"山形","2020-04-01",6591,6534,57,7986,7911,75,84,74,"Yamagata",6,2020,4
"山形","2020-05-01",6595,6533,62,7982,7900,82,76,79,"Yamagata",6,2020,5
"山形","2020-06-01",6576,6506,70,7940,7846,94,60,79,"Yamagata",6,2020,6
"山形","2020-07-01",6572,6502,70,7928,7834,94,75,81,"Yamagata",6,2020,7
"山形","2020-08-01",6554,6482,72,7895,7800,95,63,73,"Yamagata",6,2020,8
"山形","2020-09-01",6563,6490,73,7904,7810,94,82,66,"Yamagata",6,2020,9
"山形","2020-10-01",6568,6508,60,7895,7826,69,71,63,"Yamagata",6,2020,10
"山形","2020-11-01",6571,6516,55,7888,7828,60,66,67,"Yamagata",6,2020,11
"山形","2020-12-01",6592,6546,46,7915,7865,50,88,81,"Yamagata",6,2020,12
"山形","2021-01-01",6572,6532,40,7887,7842,45,61,88,"Yamagata",6,2021,1
"山形","2021-02-01",6560,6521,39,7867,7822,45,76,65,"Yamagata",6,2021,2
"山形","2021-03-01",6591,6552,39,7906,7858,48,96,78,"Yamagata",6,2021,3
"山形","2021-04-01",6592,6549,43,7892,7838,54,79,74,"Yamagata",6,2021,4
"山形","2021-05-01",6590,6547,43,7875,7819,56,72,65,"Yamagata",6,2021,5
"山形","2021-06-01",6603,6555,48,7871,7811,60,78,59,"Yamagata",6,2021,6
"山形","2021-07-01",6624,6572,52,7898,7835,63,80,61,"Yamagata",6,2021,7
"山形","2021-08-01",6638,6574,64,7913,7836,77,75,80,"Yamagata",6,2021,8
"山形","2021-09-01",6641,6589,52,7917,7853,64,82,70,"Yamagata",6,2021,9
"山形","2021-10-01",6638,6583,55,7908,7840,68,67,69,"Yamagata",6,2021,10
"山形","2021-11-01",6655,6602,53,7923,7863,60,86,85,"Yamagata",6,2021,11
"山形","2021-12-01",6668,6609,59,7942,7876,66,98,88,"Yamagata",6,2021,12
"山形","2022-01-01",6661,6607,54,7928,7871,57,81,76,"Yamagata",6,2022,1
"山形","2022-02-01",6655,6609,46,7914,7864,50,70,58,"Yamagata",6,2022,2
"山形","2022-03-01",6669,6624,45,7943,7886,57,73,103,"Yamagata",6,2022,3
"山形","2022-04-01",6630,6591,39,7889,7841,48,64,64,"Yamagata",6,2022,4
"山形","2022-05-01",6642,6602,40,7893,7839,54,76,84,"Yamagata",6,2022,5
"福島","2018-01-01",13690,13599,91,17148,17053,95,133,173,"Fukushima",7,2018,1
"福島","2018-02-01",13676,13587,89,17127,17028,99,159,143,"Fukushima",7,2018,2
"福島","2018-03-01",13706,13614,92,17170,17067,103,173,205,"Fukushima",7,2018,3
"福島","2018-04-01",13661,13572,89,17083,16984,99,160,117,"Fukushima",7,2018,4
"福島","2018-05-01",13714,13630,84,17137,17043,94,170,145,"Fukushima",7,2018,5
"福島","2018-06-01",13740,13654,86,17141,17048,93,171,143,"Fukushima",7,2018,6
"福島","2018-07-01",13765,13683,82,17187,17098,89,168,157,"Fukushima",7,2018,7
"福島","2018-08-01",13783,13703,80,17202,17109,93,175,183,"Fukushima",7,2018,8
"福島","2018-09-01",13775,13703,72,17168,17084,84,174,129,"Fukushima",7,2018,9
"福島","2018-10-01",13798,13736,62,17198,17128,70,153,139,"Fukushima",7,2018,10
"福島","2018-11-01",13844,13776,68,17241,17167,74,185,147,"Fukushima",7,2018,11
"福島","2018-12-01",13859,13793,66,17241,17165,76,162,138,"Fukushima",7,2018,12
"福島","2019-01-01",13884,13827,57,17279,17215,64,163,167,"Fukushima",7,2019,1
"福島","2019-02-01",13904,13844,60,17304,17237,67,187,150,"Fukushima",7,2019,2
"福島","2019-03-01",13930,13879,51,17330,17270,60,176,162,"Fukushima",7,2019,3
"福島","2019-04-01",13954,13899,55,17304,17238,66,186,136,"Fukushima",7,2019,4
"福島","2019-05-01",13969,13914,55,17315,17245,70,151,153,"Fukushima",7,2019,5
"福島","2019-06-01",14009,13954,55,17365,17298,67,193,173,"Fukushima",7,2019,6
"福島","2019-07-01",14026,13976,50,17387,17327,60,190,133,"Fukushima",7,2019,7
"福島","2019-08-01",14070,14023,47,17446,17392,54,178,190,"Fukushima",7,2019,8
"福島","2019-09-01",14055,14016,39,17413,17368,45,175,157,"Fukushima",7,2019,9
"福島","2019-10-01",14076,14045,31,17436,17400,36,178,144,"Fukushima",7,2019,10
"福島","2019-11-01",14095,14052,43,17482,17424,58,163,190,"Fukushima",7,2019,11
"福島","2019-12-01",14051,14007,44,17406,17349,57,146,172,"Fukushima",7,2019,12
"福島","2020-01-01",14024,13981,43,17353,17302,51,145,202,"Fukushima",7,2020,1
"福島","2020-02-01",13965,13922,43,17278,17229,49,143,136,"Fukushima",7,2020,2
"福島","2020-03-01",14006,13962,44,17355,17304,51,177,193,"Fukushima",7,2020,3
"福島","2020-04-01",13984,13934,50,17275,17216,59,171,169,"Fukushima",7,2020,4
"福島","2020-05-01",13947,13899,48,17200,17145,55,132,147,"Fukushima",7,2020,5
"福島","2020-06-01",13923,13874,49,17144,17089,55,123,145,"Fukushima",7,2020,6
"福島","2020-07-01",13955,13906,49,17172,17118,54,177,168,"Fukushima",7,2020,7
"福島","2020-08-01",13906,13864,42,17119,17075,44,119,139,"Fukushima",7,2020,8
"福島","2020-09-01",13926,13884,42,17139,17090,49,159,117,"Fukushima",7,2020,9
"福島","2020-10-01",14006,13971,35,17214,17171,43,197,162,"Fukushima",7,2020,10
"福島","2020-11-01",14013,13971,42,17216,17165,51,169,141,"Fukushima",7,2020,11
"福島","2020-12-01",14051,14010,41,17245,17199,46,179,146,"Fukushima",7,2020,12
"福島","2021-01-01",14091,14049,42,17289,17246,43,186,161,"Fukushima",7,2021,1
"福島","2021-02-01",14123,14084,39,17327,17287,40,193,157,"Fukushima",7,2021,2
"福島","2021-03-01",14201,14160,41,17405,17363,42,235,239,"Fukushima",7,2021,3
"福島","2021-04-01",14160,14118,42,17307,17261,46,197,132,"Fukushima",7,2021,4
"福島","2021-05-01",14185,14150,35,17315,17279,36,157,193,"Fukushima",7,2021,5
"福島","2021-06-01",14149,14112,37,17246,17207,39,157,187,"Fukushima",7,2021,6
"福島","2021-07-01",14145,14109,36,17250,17210,40,183,155,"Fukushima",7,2021,7
"福島","2021-08-01",14131,14096,35,17222,17183,39,141,182,"Fukushima",7,2021,8
"福島","2021-09-01",14151,14113,38,17246,17204,42,202,141,"Fukushima",7,2021,9
"福島","2021-10-01",14183,14142,41,17285,17233,52,173,183,"Fukushima",7,2021,10
"福島","2021-11-01",14205,14173,32,17301,17267,34,205,154,"Fukushima",7,2021,11
"福島","2021-12-01",14253,14224,29,17327,17293,34,202,184,"Fukushima",7,2021,12
"福島","2022-01-01",14208,14179,29,17265,17231,34,138,165,"Fukushima",7,2022,1
"福島","2022-02-01",14207,14175,32,17246,17210,36,164,158,"Fukushima",7,2022,2
"福島","2022-03-01",14249,14217,32,17298,17263,35,200,198,"Fukushima",7,2022,3
"福島","2022-04-01",14216,14185,31,17232,17199,33,165,133,"Fukushima",7,2022,4
"福島","2022-05-01",14254,14225,29,17236,17205,31,171,155,"Fukushima",7,2022,5
"茨城","2018-01-01",21820,21711,109,27685,27536,149,221,265,"Ibaraki",8,2018,1
"茨城","2018-02-01",21792,21681,111,27617,27461,156,237,198,"Ibaraki",8,2018,2
"茨城","2018-03-01",21904,21792,112,27744,27586,158,310,287,"Ibaraki",8,2018,3
"茨城","2018-04-01",21887,21791,96,27631,27514,117,270,196,"Ibaraki",8,2018,4
"茨城","2018-05-01",22015,21901,114,27767,27625,142,324,220,"Ibaraki",8,2018,5
"茨城","2018-06-01",22050,21930,120,27782,27618,164,255,217,"Ibaraki",8,2018,6
"茨城","2018-07-01",22123,21993,130,27856,27679,177,290,236,"Ibaraki",8,2018,7
"茨城","2018-08-01",22154,22019,135,27860,27687,173,267,220,"Ibaraki",8,2018,8
"茨城","2018-09-01",22173,22059,114,27834,27694,140,239,173,"Ibaraki",8,2018,9
"茨城","2018-10-01",22291,22171,120,27956,27818,138,291,244,"Ibaraki",8,2018,10
"茨城","2018-11-01",22362,22246,116,28044,27914,130,315,249,"Ibaraki",8,2018,11
"茨城","2018-12-01",22393,22256,137,28096,27925,171,280,218,"Ibaraki",8,2018,12
"茨城","2019-01-01",22415,22288,127,28124,27959,165,240,267,"Ibaraki",8,2019,1
"茨城","2019-02-01",22401,22281,120,28099,27941,158,253,247,"Ibaraki",8,2019,2
"茨城","2019-03-01",22468,22359,109,28174,28031,143,314,263,"Ibaraki",8,2019,3
"茨城","2019-04-01",22466,22360,106,28094,27957,137,261,187,"Ibaraki",8,2019,4
"茨城","2019-05-01",22513,22402,111,28145,28010,135,234,244,"Ibaraki",8,2019,5
"茨城","2019-06-01",22537,22417,120,28132,27987,145,268,241,"Ibaraki",8,2019,6
"茨城","2019-07-01",22598,22484,114,28197,28054,143,302,245,"Ibaraki",8,2019,7
"茨城","2019-08-01",22634,22517,117,28215,28067,148,281,249,"Ibaraki",8,2019,8
"茨城","2019-09-01",22679,22550,129,28266,28101,165,294,248,"Ibaraki",8,2019,9
"茨城","2019-10-01",22696,22569,127,28241,28075,166,265,199,"Ibaraki",8,2019,10
"茨城","2019-11-01",22715,22583,132,28240,28060,180,218,229,"Ibaraki",8,2019,11
"茨城","2019-12-01",22722,22580,142,28231,28048,183,236,239,"Ibaraki",8,2019,12
"茨城","2020-01-01",22718,22594,124,28225,28073,152,235,292,"Ibaraki",8,2020,1
"茨城","2020-02-01",22639,22521,118,28130,27986,144,214,241,"Ibaraki",8,2020,2
"茨城","2020-03-01",22641,22526,115,28082,27941,141,243,277,"Ibaraki",8,2020,3
"茨城","2020-04-01",22622,22514,108,28001,27867,134,258,215,"Ibaraki",8,2020,4
"茨城","2020-05-01",22641,22528,113,27964,27818,146,234,197,"Ibaraki",8,2020,5
"茨城","2020-06-01",22630,22511,119,27924,27762,162,186,198,"Ibaraki",8,2020,6
"茨城","2020-07-01",22690,22574,116,27983,27830,153,258,216,"Ibaraki",8,2020,7
"茨城","2020-08-01",22712,22584,128,27991,27824,167,238,206,"Ibaraki",8,2020,8
"茨城","2020-09-01",22802,22672,130,28070,27901,169,296,196,"Ibaraki",8,2020,9
"茨城","2020-10-01",22862,22726,136,28143,27962,181,256,215,"Ibaraki",8,2020,10
"茨城","2020-11-01",22906,22766,140,28196,28014,182,259,246,"Ibaraki",8,2020,11
"茨城","2020-12-01",22972,22832,140,28274,28088,186,312,239,"Ibaraki",8,2020,12
"茨城","2021-01-01",22998,22857,141,28316,28131,185,265,245,"Ibaraki",8,2021,1
"茨城","2021-02-01",23009,22861,148,28346,28141,205,256,214,"Ibaraki",8,2021,2
"茨城","2021-03-01",23120,22977,143,28496,28308,188,325,302,"Ibaraki",8,2021,3
"茨城","2021-04-01",23115,22970,145,28406,28228,178,297,228,"Ibaraki",8,2021,4
"茨城","2021-05-01",23119,22968,151,28380,28194,186,232,226,"Ibaraki",8,2021,5
"茨城","2021-06-01",23189,23046,143,28433,28254,179,296,225,"Ibaraki",8,2021,6
"茨城","2021-07-01",23258,23117,141,28475,28294,181,294,245,"Ibaraki",8,2021,7
"茨城","2021-08-01",23264,23129,135,28454,28282,172,251,281,"Ibaraki",8,2021,8
"茨城","2021-09-01",23330,23179,151,28545,28364,181,347,266,"Ibaraki",8,2021,9
"茨城","2021-10-01",23329,23194,135,28529,28365,164,265,241,"Ibaraki",8,2021,10
"茨城","2021-11-01",23361,23209,152,28575,28376,199,273,214,"Ibaraki",8,2021,11
"茨城","2021-12-01",23440,23282,158,28689,28488,201,293,252,"Ibaraki",8,2021,12
"茨城","2022-01-01",23440,23289,151,28664,28482,182,252,240,"Ibaraki",8,2022,1
"茨城","2022-02-01",23463,23323,140,28672,28503,169,263,247,"Ibaraki",8,2022,2
"茨城","2022-03-01",23500,23366,134,28723,28569,154,284,329,"Ibaraki",8,2022,3
"茨城","2022-04-01",23415,23285,130,28529,28369,160,244,202,"Ibaraki",8,2022,4
"茨城","2022-05-01",23480,23360,120,28562,28419,143,267,230,"Ibaraki",8,2022,5
"栃木","2018-01-01",16656,16529,127,21061,20880,181,123,166,"Tochigi",9,2018,1
"栃木","2018-02-01",16630,16508,122,21021,20850,171,140,176,"Tochigi",9,2018,2
"栃木","2018-03-01",16633,16524,109,21008,20860,148,179,226,"Tochigi",9,2018,3
"栃木","2018-04-01",16554,16464,90,20841,20719,122,147,151,"Tochigi",9,2018,4
"栃木","2018-05-01",16571,16463,108,20820,20668,152,168,157,"Tochigi",9,2018,5
"栃木","2018-06-01",16567,16457,110,20764,20606,158,153,151,"Tochigi",9,2018,6
"栃木","2018-07-01",16575,16443,132,20743,20554,189,159,176,"Tochigi",9,2018,7
"栃木","2018-08-01",16547,16421,126,20690,20511,179,148,164,"Tochigi",9,2018,8
"栃木","2018-09-01",16539,16409,130,20647,20456,191,156,155,"Tochigi",9,2018,9
"栃木","2018-10-01",16547,16422,125,20631,20453,178,163,185,"Tochigi",9,2018,10
"栃木","2018-11-01",16547,16424,123,20620,20441,179,185,182,"Tochigi",9,2018,11
"栃木","2018-12-01",16513,16385,128,20585,20396,189,148,166,"Tochigi",9,2018,12
"栃木","2019-01-01",16495,16379,116,20539,20372,167,148,166,"Tochigi",9,2019,1
"栃木","2019-02-01",16477,16371,106,20519,20365,154,148,171,"Tochigi",9,2019,2
"栃木","2019-03-01",16474,16380,94,20497,20365,132,168,205,"Tochigi",9,2019,3
"栃木","2019-04-01",16431,16344,87,20373,20247,126,162,121,"Tochigi",9,2019,4
"栃木","2019-05-01",16432,16350,82,20336,20217,119,122,170,"Tochigi",9,2019,5
"栃木","2019-06-01",16418,16324,94,20292,20153,139,156,151,"Tochigi",9,2019,6
"栃木","2019-07-01",16465,16378,87,20358,20222,136,198,164,"Tochigi",9,2019,7
"栃木","2019-08-01",16451,16363,88,20304,20171,133,150,145,"Tochigi",9,2019,8
"栃木","2019-09-01",16461,16373,88,20295,20157,138,155,126,"Tochigi",9,2019,9
"栃木","2019-10-01",16511,16417,94,20311,20178,133,176,152,"Tochigi",9,2019,10
"栃木","2019-11-01",16515,16414,101,20314,20166,148,156,168,"Tochigi",9,2019,11
"栃木","2019-12-01",16527,16429,98,20354,20214,140,180,181,"Tochigi",9,2019,12
"栃木","2020-01-01",16468,16380,88,20245,20112,133,122,182,"Tochigi",9,2020,1
"栃木","2020-02-01",16418,16337,81,20173,20054,119,132,164,"Tochigi",9,2020,2
"栃木","2020-03-01",16436,16353,83,20208,20095,113,182,198,"Tochigi",9,2020,3
"栃木","2020-04-01",16411,16326,85,20140,20031,109,173,117,"Tochigi",9,2020,4
"栃木","2020-05-01",16459,16379,80,20165,20060,105,165,158,"Tochigi",9,2020,5
"栃木","2020-06-01",16433,16344,89,20103,19984,119,132,166,"Tochigi",9,2020,6
"栃木","2020-07-01",16423,16338,85,20066,19946,120,156,139,"Tochigi",9,2020,7
"栃木","2020-08-01",16420,16329,91,20051,19928,123,136,133,"Tochigi",9,2020,8
"栃木","2020-09-01",16451,16354,97,20081,19948,133,164,149,"Tochigi",9,2020,9
"栃木","2020-10-01",16455,16361,94,20084,19955,129,153,155,"Tochigi",9,2020,10
"栃木","2020-11-01",16458,16365,93,20089,19964,125,158,145,"Tochigi",9,2020,11
"栃木","2020-12-01",16471,16377,94,20092,19969,123,158,160,"Tochigi",9,2020,12
"栃木","2021-01-01",16478,16377,101,20085,19954,131,167,159,"Tochigi",9,2021,1
"栃木","2021-02-01",16499,16396,103,20104,19977,127,180,157,"Tochigi",9,2021,2
"栃木","2021-03-01",16554,16461,93,20164,20046,118,212,204,"Tochigi",9,2021,3
"栃木","2021-04-01",16505,16409,96,20062,19948,114,155,159,"Tochigi",9,2021,4
"栃木","2021-05-01",16471,16384,87,20004,19901,103,125,146,"Tochigi",9,2021,5
"栃木","2021-06-01",16485,16386,99,20004,19880,124,160,162,"Tochigi",9,2021,6
"栃木","2021-07-01",16464,16376,88,19947,19834,113,141,146,"Tochigi",9,2021,7
"栃木","2021-08-01",16495,16403,92,19982,19865,117,177,138,"Tochigi",9,2021,8
"栃木","2021-09-01",16547,16444,103,20049,19918,131,190,138,"Tochigi",9,2021,9
"栃木","2021-10-01",16589,16486,103,20082,19955,127,180,137,"Tochigi",9,2021,10
"栃木","2021-11-01",16635,16533,102,20109,19982,127,183,152,"Tochigi",9,2021,11
"栃木","2021-12-01",16633,16529,104,20093,19966,127,150,179,"Tochigi",9,2021,12
"栃木","2022-01-01",16605,16506,99,20033,19912,121,151,181,"Tochigi",9,2022,1
"栃木","2022-02-01",16586,16489,97,20004,19886,118,162,155,"Tochigi",9,2022,2
"栃木","2022-03-01",16601,16514,87,20029,19929,100,170,244,"Tochigi",9,2022,3
"栃木","2022-04-01",16498,16408,90,19862,19746,116,141,106,"Tochigi",9,2022,4
"栃木","2022-05-01",16549,16457,92,19921,19798,123,157,141,"Tochigi",9,2022,5
"群馬","2018-01-01",12327,12221,106,15048,14907,141,119,125,"Gunma",10,2018,1
"群馬","2018-02-01",12337,12235,102,15038,14904,134,135,117,"Gunma",10,2018,2
"群馬","2018-03-01",12371,12265,106,15069,14927,142,151,153,"Gunma",10,2018,3
"群馬","2018-04-01",12348,12244,104,14996,14854,142,130,90,"Gunma",10,2018,4
"群馬","2018-05-01",12416,12309,107,15040,14893,147,158,120,"Gunma",10,2018,5
"群馬","2018-06-01",12425,12313,112,15032,14866,166,129,126,"Gunma",10,2018,6
"群馬","2018-07-01",12465,12349,116,15049,14876,173,166,138,"Gunma",10,2018,7
"群馬","2018-08-01",12479,12363,116,15053,14889,164,152,148,"Gunma",10,2018,8
"群馬","2018-09-01",12456,12342,114,15011,14858,153,125,125,"Gunma",10,2018,9
"群馬","2018-10-01",12503,12391,112,15076,14928,148,172,150,"Gunma",10,2018,10
"群馬","2018-11-01",12504,12396,108,15067,14928,139,151,135,"Gunma",10,2018,11
"群馬","2018-12-01",12512,12407,105,15071,14936,135,143,116,"Gunma",10,2018,12
"群馬","2019-01-01",12514,12406,108,15062,14928,134,118,156,"Gunma",10,2019,1
"群馬","2019-02-01",12502,12387,115,15028,14885,143,144,142,"Gunma",10,2019,2
"群馬","2019-03-01",12502,12400,102,15026,14899,127,142,154,"Gunma",10,2019,3
"群馬","2019-04-01",12470,12386,84,14972,14868,104,122,106,"Gunma",10,2019,4
"群馬","2019-05-01",12488,12414,74,14975,14883,92,124,124,"Gunma",10,2019,5
"群馬","2019-06-01",12502,12428,74,14967,14882,85,138,122,"Gunma",10,2019,6
"群馬","2019-07-01",12522,12435,87,14986,14891,95,142,123,"Gunma",10,2019,7
"群馬","2019-08-01",12526,12433,93,14999,14890,109,127,118,"Gunma",10,2019,8
"群馬","2019-09-01",12533,12436,97,14974,14859,115,125,121,"Gunma",10,2019,9
"群馬","2019-10-01",12550,12447,103,14984,14863,121,138,138,"Gunma",10,2019,10
"群馬","2019-11-01",12541,12439,102,14988,14866,122,129,127,"Gunma",10,2019,11
"群馬","2019-12-01",12544,12452,92,15010,14895,115,130,121,"Gunma",10,2019,12
"群馬","2020-01-01",12554,12463,91,15000,14888,112,131,137,"Gunma",10,2020,1
"群馬","2020-02-01",12528,12431,97,14962,14841,121,111,129,"Gunma",10,2020,2
"群馬","2020-03-01",12552,12461,91,14985,14859,126,153,166,"Gunma",10,2020,3
"群馬","2020-04-01",12526,12436,90,14935,14821,114,140,117,"Gunma",10,2020,4
"群馬","2020-05-01",12545,12461,84,14937,14831,106,136,122,"Gunma",10,2020,5
"群馬","2020-06-01",12536,12444,92,14905,14788,117,113,122,"Gunma",10,2020,6
"群馬","2020-07-01",12531,12449,82,14889,14781,108,117,130,"Gunma",10,2020,7
"群馬","2020-08-01",12512,12421,91,14863,14743,120,111,115,"Gunma",10,2020,8
"群馬","2020-09-01",12542,12447,95,14885,14769,116,145,117,"Gunma",10,2020,9
"群馬","2020-10-01",12546,12452,94,14895,14779,116,121,105,"Gunma",10,2020,10
"群馬","2020-11-01",12563,12470,93,14896,14781,115,122,114,"Gunma",10,2020,11
"群馬","2020-12-01",12582,12495,87,14914,14810,104,133,126,"Gunma",10,2020,12
"群馬","2021-01-01",12579,12492,87,14916,14810,106,123,166,"Gunma",10,2021,1
"群馬","2021-02-01",12531,12446,85,14868,14764,104,118,111,"Gunma",10,2021,2
"群馬","2021-03-01",12593,12510,83,14941,14841,100,173,172,"Gunma",10,2021,3
"群馬","2021-04-01",12554,12470,84,14839,14743,96,133,125,"Gunma",10,2021,4
"群馬","2021-05-01",12557,12470,87,14836,14739,97,128,131,"Gunma",10,2021,5
"群馬","2021-06-01",12558,12472,86,14828,14730,98,132,120,"Gunma",10,2021,6
"群馬","2021-07-01",12608,12520,88,14863,14758,105,170,118,"Gunma",10,2021,7
"群馬","2021-08-01",12627,12537,90,14887,14776,111,137,120,"Gunma",10,2021,8
"群馬","2021-09-01",12648,12570,78,14918,14820,98,141,118,"Gunma",10,2021,9
"群馬","2021-10-01",12687,12610,77,14955,14860,95,157,112,"Gunma",10,2021,10
"群馬","2021-11-01",12725,12648,77,14991,14899,92,150,114,"Gunma",10,2021,11
"群馬","2021-12-01",12725,12654,71,14984,14895,89,114,142,"Gunma",10,2021,12
"群馬","2022-01-01",12691,12622,69,14938,14853,85,108,139,"Gunma",10,2022,1
"群馬","2022-02-01",12670,12582,88,14899,14786,113,118,121,"Gunma",10,2022,2
"群馬","2022-03-01",12696,12615,81,14923,14816,107,147,159,"Gunma",10,2022,3
"群馬","2022-04-01",12681,12614,67,14884,14798,86,144,114,"Gunma",10,2022,4
"群馬","2022-05-01",12717,12657,60,14906,14832,74,150,119,"Gunma",10,2022,5
"埼玉","2018-01-01",73966,73651,315,97445,96995,450,668,800,"Saitama",11,2018,1
"埼玉","2018-02-01",73895,73590,305,97278,96846,432,729,694,"Saitama",11,2018,2
"埼玉","2018-03-01",74087,73818,269,97486,97110,376,887,918,"Saitama",11,2018,3
"埼玉","2018-04-01",73931,73701,230,96926,96623,303,787,608,"Saitama",11,2018,4
"埼玉","2018-05-01",74212,73959,253,97142,96807,335,889,739,"Saitama",11,2018,5
"埼玉","2018-06-01",74265,73987,278,97054,96679,375,791,689,"Saitama",11,2018,6
"埼玉","2018-07-01",74368,74082,286,97016,96617,399,793,713,"Saitama",11,2018,7
"埼玉","2018-08-01",74483,74203,280,97071,96691,380,828,751,"Saitama",11,2018,8
"埼玉","2018-09-01",74498,74208,290,97068,96653,415,768,658,"Saitama",11,2018,9
"埼玉","2018-10-01",74693,74416,277,97281,96894,387,853,804,"Saitama",11,2018,10
"埼玉","2018-11-01",74751,74466,285,97284,96890,394,862,757,"Saitama",11,2018,11
"埼玉","2018-12-01",74755,74459,296,97203,96830,373,761,670,"Saitama",11,2018,12
"埼玉","2019-01-01",74794,74513,281,97201,96843,358,709,764,"Saitama",11,2019,1
"埼玉","2019-02-01",74808,74530,278,97088,96722,366,778,756,"Saitama",11,2019,2
"埼玉","2019-03-01",74900,74639,261,97235,96902,333,848,919,"Saitama",11,2019,3
"埼玉","2019-04-01",74823,74576,247,96856,96536,320,842,605,"Saitama",11,2019,4
"埼玉","2019-05-01",74970,74732,238,96894,96580,314,750,754,"Saitama",11,2019,5
"埼玉","2019-06-01",75026,74757,269,96891,96530,361,810,618,"Saitama",11,2019,6
"埼玉","2019-07-01",75324,75037,287,97137,96740,397,916,744,"Saitama",11,2019,7
"埼玉","2019-08-01",75402,75118,284,97138,96754,384,822,786,"Saitama",11,2019,8
"埼玉","2019-09-01",75407,75138,269,97076,96699,377,792,704,"Saitama",11,2019,9
"埼玉","2019-10-01",75598,75305,293,97265,96850,415,895,735,"Saitama",11,2019,10
"埼玉","2019-11-01",75649,75374,275,97214,96839,375,787,740,"Saitama",11,2019,11
"埼玉","2019-12-01",75725,75453,272,97301,96923,378,816,736,"Saitama",11,2019,12
"埼玉","2020-01-01",75639,75373,266,97168,96787,381,650,767,"Saitama",11,2020,1
"埼玉","2020-02-01",75603,75338,265,97072,96679,393,734,725,"Saitama",11,2020,2
"埼玉","2020-03-01",75786,75521,265,97261,96874,387,908,906,"Saitama",11,2020,3
"埼玉","2020-04-01",75800,75555,245,97032,96676,356,921,695,"Saitama",11,2020,4
"埼玉","2020-05-01",75885,75633,252,96985,96634,351,780,624,"Saitama",11,2020,5
"埼玉","2020-06-01",76022,75753,269,97023,96641,382,761,710,"Saitama",11,2020,6
"埼玉","2020-07-01",76144,75886,258,97026,96661,365,832,691,"Saitama",11,2020,7
"埼玉","2020-08-01",76239,75969,270,97042,96674,368,786,743,"Saitama",11,2020,8
"埼玉","2020-09-01",76340,76082,258,97075,96719,356,844,726,"Saitama",11,2020,9
"埼玉","2020-10-01",76490,76260,230,97196,96890,306,877,797,"Saitama",11,2020,10
"埼玉","2020-11-01",76497,76261,236,97103,96793,310,804,742,"Saitama",11,2020,11
"埼玉","2020-12-01",76588,76349,239,97179,96860,319,833,765,"Saitama",11,2020,12
"埼玉","2021-01-01",76622,76380,242,97171,96863,308,800,860,"Saitama",11,2021,1
"埼玉","2021-02-01",76652,76400,252,97184,96864,320,890,758,"Saitama",11,2021,2
"埼玉","2021-03-01",76917,76678,239,97512,97214,298,1023,1005,"Saitama",11,2021,3
"埼玉","2021-04-01",76798,76571,227,97088,96786,302,885,667,"Saitama",11,2021,4
"埼玉","2021-05-01",76832,76606,226,97022,96726,296,703,680,"Saitama",11,2021,5
"埼玉","2021-06-01",76977,76723,254,97052,96709,343,825,743,"Saitama",11,2021,6
"埼玉","2021-07-01",77093,76831,262,97132,96794,338,861,725,"Saitama",11,2021,7
"埼玉","2021-08-01",77178,76912,266,97138,96809,329,810,810,"Saitama",11,2021,8
"埼玉","2021-09-01",77232,76950,282,97089,96733,356,864,735,"Saitama",11,2021,9
"埼玉","2021-10-01",77340,77073,267,97211,96863,348,843,784,"Saitama",11,2021,10
"埼玉","2021-11-01",77449,77198,251,97268,96954,314,893,758,"Saitama",11,2021,11
"埼玉","2021-12-01",77575,77350,225,97345,97057,288,883,782,"Saitama",11,2021,12
"埼玉","2022-01-01",77625,77385,240,97335,97014,321,834,828,"Saitama",11,2022,1
"埼玉","2022-02-01",77630,77403,227,97266,96958,308,832,815,"Saitama",11,2022,2
"埼玉","2022-03-01",77710,77460,250,97325,96994,331,896,1011,"Saitama",11,2022,3
"埼玉","2022-04-01",77472,77221,251,96781,96471,310,773,651,"Saitama",11,2022,4
"埼玉","2022-05-01",77708,77467,241,96951,96640,311,888,779,"Saitama",11,2022,5
"千葉","2018-01-01",66544,66087,457,85582,84933,649,659,749,"Chiba",12,2018,1
"千葉","2018-02-01",66611,66172,439,85616,84991,625,816,803,"Chiba",12,2018,2
"千葉","2018-03-01",66725,66310,415,85790,85215,575,917,906,"Chiba",12,2018,3
"千葉","2018-04-01",66613,66198,415,85439,84866,573,794,624,"Chiba",12,2018,4
"千葉","2018-05-01",66799,66392,407,85459,84876,583,810,736,"Chiba",12,2018,5
"千葉","2018-06-01",66996,66557,439,85603,84956,647,933,723,"Chiba",12,2018,6
"千葉","2018-07-01",67168,66724,444,85785,85131,654,895,708,"Chiba",12,2018,7
"千葉","2018-08-01",67364,66907,457,85982,85305,677,903,752,"Chiba",12,2018,8
"千葉","2018-09-01",67400,66962,438,85973,85334,639,788,647,"Chiba",12,2018,9
"千葉","2018-10-01",67638,67213,425,86236,85627,609,885,784,"Chiba",12,2018,10
"千葉","2018-11-01",67810,67396,414,86382,85780,602,956,774,"Chiba",12,2018,11
"千葉","2018-12-01",67820,67414,406,86375,85792,583,783,750,"Chiba",12,2018,12
"千葉","2019-01-01",67731,67334,397,86210,85644,566,661,748,"Chiba",12,2019,1
"千葉","2019-02-01",67821,67398,423,86317,85707,610,838,761,"Chiba",12,2019,2
"千葉","2019-03-01",67963,67541,422,86511,85908,603,903,873,"Chiba",12,2019,3
"千葉","2019-04-01",67935,67523,412,86258,85679,579,846,650,"Chiba",12,2019,4
"千葉","2019-05-01",68085,67650,435,86312,85697,615,800,738,"Chiba",12,2019,5
"千葉","2019-06-01",68220,67788,432,86392,85791,601,874,717,"Chiba",12,2019,6
"千葉","2019-07-01",68455,68026,429,86669,86071,598,952,811,"Chiba",12,2019,7
"千葉","2019-08-01",68520,68098,422,86709,86115,594,876,771,"Chiba",12,2019,8
"千葉","2019-09-01",68538,68095,443,86788,86152,636,789,693,"Chiba",12,2019,9
"千葉","2019-10-01",68740,68315,425,86981,86355,626,896,779,"Chiba",12,2019,10
"千葉","2019-11-01",68722,68294,428,86885,86261,624,761,746,"Chiba",12,2019,11
"千葉","2019-12-01",68805,68373,432,86973,86361,612,829,728,"Chiba",12,2019,12
"千葉","2020-01-01",68747,68326,421,86792,86187,605,670,812,"Chiba",12,2020,1
"千葉","2020-02-01",68747,68321,426,86794,86187,607,812,784,"Chiba",12,2020,2
"千葉","2020-03-01",68871,68452,419,86931,86342,589,908,940,"Chiba",12,2020,3
"千葉","2020-04-01",68974,68587,387,86811,86285,526,1043,625,"Chiba",12,2020,4
"千葉","2020-05-01",69275,68885,390,87060,86517,543,926,694,"Chiba",12,2020,5
"千葉","2020-06-01",69416,69034,382,87139,86618,521,835,742,"Chiba",12,2020,6
"千葉","2020-07-01",69415,69021,394,86980,86455,525,744,705,"Chiba",12,2020,7
"千葉","2020-08-01",69545,69144,401,87046,86489,557,835,746,"Chiba",12,2020,8
"千葉","2020-09-01",69717,69324,393,87227,86670,557,918,790,"Chiba",12,2020,9
"千葉","2020-10-01",69837,69459,378,87371,86849,522,910,813,"Chiba",12,2020,10
"千葉","2020-11-01",69902,69552,350,87435,86970,465,876,706,"Chiba",12,2020,11
"千葉","2020-12-01",70166,69798,368,87746,87276,470,970,747,"Chiba",12,2020,12
"千葉","2021-01-01",70285,69924,361,87866,87403,463,866,829,"Chiba",12,2021,1
"千葉","2021-02-01",70448,70092,356,88030,87577,453,992,777,"Chiba",12,2021,2
"千葉","2021-03-01",70754,70413,341,88431,87994,437,1083,1008,"Chiba",12,2021,3
"千葉","2021-04-01",70715,70379,336,88254,87820,434,968,712,"Chiba",12,2021,4
"千葉","2021-05-01",70821,70482,339,88186,87749,437,818,711,"Chiba",12,2021,5
"千葉","2021-06-01",71139,70771,368,88539,88059,480,1029,784,"Chiba",12,2021,6
"千葉","2021-07-01",71313,70919,394,88627,88125,502,958,787,"Chiba",12,2021,7
"千葉","2021-08-01",71438,71043,395,88719,88209,510,912,765,"Chiba",12,2021,8
"千葉","2021-09-01",71633,71210,423,88921,88378,543,960,747,"Chiba",12,2021,9
"千葉","2021-10-01",71779,71347,432,89120,88536,584,892,819,"Chiba",12,2021,10
"千葉","2021-11-01",71936,71513,423,89304,88747,557,976,750,"Chiba",12,2021,11
"千葉","2021-12-01",72079,71631,448,89435,88856,579,892,796,"Chiba",12,2021,12
"千葉","2022-01-01",72074,71655,419,89336,88803,533,791,841,"Chiba",12,2022,1
"千葉","2022-02-01",72046,71631,415,89260,88724,536,813,833,"Chiba",12,2022,2
"千葉","2022-03-01",72205,71804,401,89490,88974,516,992,966,"Chiba",12,2022,3
"千葉","2022-04-01",72021,71623,398,89051,88544,507,782,695,"Chiba",12,2022,4
"千葉","2022-05-01",72129,71754,375,89074,88586,488,803,763,"Chiba",12,2022,5
"東京","2018-01-01",233002,231979,1023,291225,289739,1486,2107,2360,"Tokyo",13,2018,1
"東京","2018-02-01",232765,231721,1044,290760,289247,1513,2123,2438,"Tokyo",13,2018,2
"東京","2018-03-01",232906,231927,979,290899,289484,1415,2579,2772,"Tokyo",13,2018,3
"東京","2018-04-01",232192,231241,951,289106,287747,1359,2058,1999,"Tokyo",13,2018,4
"東京","2018-05-01",232741,231767,974,289618,288220,1398,2547,2479,"Tokyo",13,2018,5
"東京","2018-06-01",232480,231446,1034,288966,287475,1491,2218,2254,"Tokyo",13,2018,6
"東京","2018-07-01",232703,231652,1051,289058,287530,1528,2476,2300,"Tokyo",13,2018,7
"東京","2018-08-01",232804,231710,1094,288974,287394,1580,2401,2507,"Tokyo",13,2018,8
"東京","2018-09-01",232397,231287,1110,288361,286751,1610,2100,1990,"Tokyo",13,2018,9
"東京","2018-10-01",232728,231609,1119,288670,287066,1604,2321,2419,"Tokyo",13,2018,10
"東京","2018-11-01",232735,231682,1053,288622,287083,1539,2425,2336,"Tokyo",13,2018,11
"東京","2018-12-01",232476,231444,1032,288357,286820,1537,2077,2162,"Tokyo",13,2018,12
"東京","2019-01-01",232529,231513,1016,288323,286800,1523,2215,2445,"Tokyo",13,2019,1
"東京","2019-02-01",232087,231081,1006,287633,286123,1510,2003,2375,"Tokyo",13,2019,2
"東京","2019-03-01",232080,231124,956,287622,286211,1411,2368,2580,"Tokyo",13,2019,3
"東京","2019-04-01",231671,230708,963,286383,284987,1396,2170,1940,"Tokyo",13,2019,4
"東京","2019-05-01",231926,230952,974,286376,284971,1405,2195,2305,"Tokyo",13,2019,5
"東京","2019-06-01",231713,230698,1015,285899,284469,1430,2092,2079,"Tokyo",13,2019,6
"東京","2019-07-01",232137,231062,1075,286159,284672,1487,2503,2249,"Tokyo",13,2019,7
"東京","2019-08-01",231921,230797,1124,285700,284097,1603,2033,2258,"Tokyo",13,2019,8
"東京","2019-09-01",231776,230623,1153,285357,283707,1650,2113,2017,"Tokyo",13,2019,9
"東京","2019-10-01",232005,230866,1139,285529,283899,1630,2246,2395,"Tokyo",13,2019,10
"東京","2019-11-01",231745,230645,1100,285037,283449,1588,2135,2272,"Tokyo",13,2019,11
"東京","2019-12-01",231570,230536,1034,284732,283208,1524,2097,2139,"Tokyo",13,2019,12
"東京","2020-01-01",231704,230669,1035,284828,283329,1499,2272,2404,"Tokyo",13,2020,1
"東京","2020-02-01",231107,230017,1090,284272,282697,1575,1939,2311,"Tokyo",13,2020,2
"東京","2020-03-01",231216,230199,1017,284304,282844,1460,2420,2692,"Tokyo",13,2020,3
"東京","2020-04-01",231279,230327,952,283457,282115,1342,2755,1881,"Tokyo",13,2020,4
"東京","2020-05-01",231788,230844,944,283710,282382,1328,2390,1859,"Tokyo",13,2020,5
"東京","2020-06-01",232031,231073,958,283705,282348,1357,2103,2201,"Tokyo",13,2020,6
"東京","2020-07-01",231974,231036,938,283349,282058,1291,2144,2265,"Tokyo",13,2020,7
"東京","2020-08-01",231644,230689,955,282770,281453,1317,1935,2254,"Tokyo",13,2020,8
"東京","2020-09-01",231421,230457,964,282361,281029,1332,2031,2170,"Tokyo",13,2020,9
"東京","2020-10-01",231404,230484,920,282240,280949,1291,2153,2293,"Tokyo",13,2020,10
"東京","2020-11-01",231256,230375,881,282038,280808,1230,2145,2015,"Tokyo",13,2020,11
"東京","2020-12-01",231467,230611,856,282188,280988,1200,2226,2123,"Tokyo",13,2020,12
"東京","2021-01-01",231658,230837,821,282256,281136,1120,2314,2329,"Tokyo",13,2021,1
"東京","2021-02-01",231428,230591,837,281872,280710,1162,2099,2191,"Tokyo",13,2021,2
"東京","2021-03-01",231971,231149,822,282451,281339,1112,2734,2700,"Tokyo",13,2021,3
"東京","2021-04-01",231428,230621,807,280976,279896,1080,2159,2008,"Tokyo",13,2021,4
"東京","2021-05-01",231494,230659,835,280763,279636,1127,2074,2117,"Tokyo",13,2021,5
"東京","2021-06-01",231470,230588,882,280525,279256,1269,2093,2132,"Tokyo",13,2021,6
"東京","2021-07-01",231585,230644,941,280503,279145,1358,2247,1999,"Tokyo",13,2021,7
"東京","2021-08-01",231682,230730,952,280424,279056,1368,2096,2255,"Tokyo",13,2021,8
"東京","2021-09-01",231814,230885,929,280502,279159,1343,2387,2128,"Tokyo",13,2021,9
"東京","2021-10-01",231818,230865,953,280484,279121,1363,2132,2141,"Tokyo",13,2021,10
"東京","2021-11-01",232132,231182,950,280784,279437,1347,2455,2287,"Tokyo",13,2021,11
"東京","2021-12-01",232077,231142,935,280596,279240,1356,2232,2218,"Tokyo",13,2021,12
"東京","2022-01-01",232045,231115,930,280419,279078,1341,2186,2339,"Tokyo",13,2022,1
"東京","2022-02-01",231622,230685,937,279858,278485,1373,1916,2162,"Tokyo",13,2022,2
"東京","2022-03-01",231839,230960,879,280116,278821,1295,2379,2992,"Tokyo",13,2022,3
"東京","2022-04-01",230841,229979,862,278175,276921,1254,1994,1929,"Tokyo",13,2022,4
"東京","2022-05-01",231193,230318,875,278254,276974,1280,2281,2092,"Tokyo",13,2022,5
"神奈川","2018-01-01",118999,118633,366,156108,155580,528,1289,1512,"Kanagawa",14,2018,1
"神奈川","2018-02-01",118850,118480,370,155827,155295,532,1363,1336,"Kanagawa",14,2018,2
"神奈川","2018-03-01",119019,118660,359,156022,155508,514,1505,1539,"Kanagawa",14,2018,3
"神奈川","2018-04-01",118667,118348,319,155036,154581,455,1187,1271,"Kanagawa",14,2018,4
"神奈川","2018-05-01",118959,118626,333,155274,154794,480,1562,1603,"Kanagawa",14,2018,5
"神奈川","2018-06-01",118776,118422,354,154951,154442,509,1420,1331,"Kanagawa",14,2018,6
"神奈川","2018-07-01",118925,118572,353,154971,154452,519,1480,1379,"Kanagawa",14,2018,7
"神奈川","2018-08-01",119024,118650,374,154919,154367,552,1478,1500,"Kanagawa",14,2018,8
"神奈川","2018-09-01",118809,118440,369,154609,154054,555,1285,1263,"Kanagawa",14,2018,9
"神奈川","2018-10-01",118983,118640,343,154749,154253,496,1437,1408,"Kanagawa",14,2018,10
"神奈川","2018-11-01",119151,118817,334,154902,154432,470,1573,1369,"Kanagawa",14,2018,11
"神奈川","2018-12-01",119164,118818,346,154815,154313,502,1381,1274,"Kanagawa",14,2018,12
"神奈川","2019-01-01",119189,118840,349,154723,154230,493,1300,1476,"Kanagawa",14,2019,1
"神奈川","2019-02-01",119035,118670,365,154447,153925,522,1321,1337,"Kanagawa",14,2019,2
"神奈川","2019-03-01",118997,118672,325,154404,153943,461,1299,1435,"Kanagawa",14,2019,3
"神奈川","2019-04-01",118855,118534,321,153723,153251,472,1293,1168,"Kanagawa",14,2019,4
"神奈川","2019-05-01",119074,118756,318,153812,153355,457,1387,1482,"Kanagawa",14,2019,5
"神奈川","2019-06-01",119033,118705,328,153532,153051,481,1440,1383,"Kanagawa",14,2019,6
"神奈川","2019-07-01",119246,118899,347,153650,153139,511,1596,1355,"Kanagawa",14,2019,7
"神奈川","2019-08-01",119263,118883,380,153544,152981,563,1372,1468,"Kanagawa",14,2019,8
"神奈川","2019-09-01",119120,118756,364,153244,152717,527,1325,1243,"Kanagawa",14,2019,9
"神奈川","2019-10-01",119309,118944,365,153329,152802,527,1432,1400,"Kanagawa",14,2019,10
"神奈川","2019-11-01",119330,118977,353,153157,152649,508,1421,1315,"Kanagawa",14,2019,11
"神奈川","2019-12-01",119411,119062,349,153161,152656,505,1396,1283,"Kanagawa",14,2019,12
"神奈川","2020-01-01",119498,119151,347,153078,152587,491,1370,1434,"Kanagawa",14,2020,1
"神奈川","2020-02-01",119368,119023,345,152836,152338,498,1304,1228,"Kanagawa",14,2020,2
"神奈川","2020-03-01",119669,119346,323,153183,152728,455,1529,1571,"Kanagawa",14,2020,3
"神奈川","2020-04-01",119663,119351,312,152554,152119,435,1565,1114,"Kanagawa",14,2020,4
"神奈川","2020-05-01",120136,119835,301,152997,152592,405,1588,1073,"Kanagawa",14,2020,5
"神奈川","2020-06-01",120486,120169,317,153231,152786,445,1424,1278,"Kanagawa",14,2020,6
"神奈川","2020-07-01",120586,120267,319,153204,152760,444,1378,1360,"Kanagawa",14,2020,7
"神奈川","2020-08-01",120558,120236,322,153001,152571,430,1332,1340,"Kanagawa",14,2020,8
"神奈川","2020-09-01",120758,120439,319,153123,152710,413,1540,1365,"Kanagawa",14,2020,9
"神奈川","2020-10-01",120978,120671,307,153328,152926,402,1585,1459,"Kanagawa",14,2020,10
"神奈川","2020-11-01",121052,120749,303,153349,152953,396,1533,1355,"Kanagawa",14,2020,11
"神奈川","2020-12-01",121169,120862,307,153461,153074,387,1471,1341,"Kanagawa",14,2020,12
"神奈川","2021-01-01",121287,120986,301,153504,153102,402,1459,1472,"Kanagawa",14,2021,1
"神奈川","2021-02-01",121088,120770,318,153296,152869,427,1272,1257,"Kanagawa",14,2021,2
"神奈川","2021-03-01",121487,121170,317,153791,153380,411,1657,1515,"Kanagawa",14,2021,3
"神奈川","2021-04-01",121424,121114,310,153106,152711,395,1452,1249,"Kanagawa",14,2021,4
"神奈川","2021-05-01",121568,121266,302,153090,152701,389,1393,1374,"Kanagawa",14,2021,5
"神奈川","2021-06-01",121725,121403,322,153183,152775,408,1532,1399,"Kanagawa",14,2021,6
"神奈川","2021-07-01",121816,121491,325,153159,152759,400,1490,1359,"Kanagawa",14,2021,7
"神奈川","2021-08-01",121903,121603,300,153191,152800,391,1446,1335,"Kanagawa",14,2021,8
"神奈川","2021-09-01",122073,121763,310,153406,153006,400,1505,1458,"Kanagawa",14,2021,9
"神奈川","2021-10-01",122069,121756,313,153348,152930,418,1454,1384,"Kanagawa",14,2021,10
"神奈川","2021-11-01",122264,121955,309,153480,153065,415,1579,1353,"Kanagawa",14,2021,11
"神奈川","2021-12-01",122353,122025,328,153598,153148,450,1442,1390,"Kanagawa",14,2021,12
"神奈川","2022-01-01",122337,122020,317,153426,153005,421,1374,1483,"Kanagawa",14,2022,1
"神奈川","2022-02-01",122178,121837,341,153206,152758,448,1326,1302,"Kanagawa",14,2022,2
"神奈川","2022-03-01",122445,122115,330,153546,153110,436,1571,1613,"Kanagawa",14,2022,3
"神奈川","2022-04-01",122173,121855,318,152661,152249,412,1339,1232,"Kanagawa",14,2022,4
"神奈川","2022-05-01",122464,122137,327,152832,152401,431,1523,1403,"Kanagawa",14,2022,5
"新潟","2018-01-01",16228,16132,96,21012,20878,134,185,164,"Niigata",15,2018,1
"新潟","2018-02-01",16216,16116,100,20994,20849,145,152,160,"Niigata",15,2018,2
"新潟","2018-03-01",16272,16177,95,21079,20950,129,216,195,"Niigata",15,2018,3
"新潟","2018-04-01",16253,16168,85,20993,20873,120,176,179,"Niigata",15,2018,4
"新潟","2018-05-01",16266,16174,92,20949,20822,127,192,180,"Niigata",15,2018,5
"新潟","2018-06-01",16277,16178,99,20924,20795,129,191,175,"Niigata",15,2018,6
"新潟","2018-07-01",16271,16161,110,20897,20751,146,169,181,"Niigata",15,2018,7
"新潟","2018-08-01",16255,16140,115,20840,20692,148,165,176,"Niigata",15,2018,8
"新潟","2018-09-01",16263,16148,115,20894,20743,151,184,151,"Niigata",15,2018,9
"新潟","2018-10-01",16298,16194,104,20948,20805,143,186,180,"Niigata",15,2018,10
"新潟","2018-11-01",16321,16223,98,20940,20805,135,203,177,"Niigata",15,2018,11
"新潟","2018-12-01",16336,16246,90,20955,20833,122,192,175,"Niigata",15,2018,12
"新潟","2019-01-01",16332,16248,84,20931,20812,119,171,170,"Niigata",15,2019,1
"新潟","2019-02-01",16341,16273,68,20929,20831,98,179,197,"Niigata",15,2019,2
"新潟","2019-03-01",16363,16302,61,20985,20897,88,219,161,"Niigata",15,2019,3
"新潟","2019-04-01",16389,16332,57,20944,20856,88,187,164,"Niigata",15,2019,4
"新潟","2019-05-01",16401,16334,67,20963,20860,103,176,184,"Niigata",15,2019,5
"新潟","2019-06-01",16375,16300,75,20900,20792,108,158,206,"Niigata",15,2019,6
"新潟","2019-07-01",16346,16265,81,20872,20762,110,177,163,"Niigata",15,2019,7
"新潟","2019-08-01",16331,16242,89,20818,20690,128,148,195,"Niigata",15,2019,8
"新潟","2019-09-01",16315,16234,81,20778,20661,117,179,164,"Niigata",15,2019,9
"新潟","2019-10-01",16356,16267,89,20831,20714,117,205,173,"Niigata",15,2019,10
"新潟","2019-11-01",16328,16248,80,20800,20694,106,144,162,"Niigata",15,2019,11
"新潟","2019-12-01",16349,16281,68,20829,20740,89,183,183,"Niigata",15,2019,12
"新潟","2020-01-01",16335,16273,62,20784,20699,85,169,180,"Niigata",15,2020,1
"新潟","2020-02-01",16338,16272,66,20773,20677,96,183,158,"Niigata",15,2020,2
"新潟","2020-03-01",16412,16352,60,20862,20775,87,232,210,"Niigata",15,2020,3
"新潟","2020-04-01",16398,16336,62,20797,20710,87,195,189,"Niigata",15,2020,4
"新潟","2020-05-01",16359,16285,74,20700,20589,111,149,169,"Niigata",15,2020,5
"新潟","2020-06-01",16347,16264,83,20647,20522,125,159,211,"Niigata",15,2020,6
"新潟","2020-07-01",16302,16206,96,20560,20419,141,166,164,"Niigata",15,2020,7
"新潟","2020-08-01",16280,16181,99,20494,20364,130,142,168,"Niigata",15,2020,8
"新潟","2020-09-01",16301,16206,95,20525,20408,117,189,157,"Niigata",15,2020,9
"新潟","2020-10-01",16329,16229,100,20563,20434,129,185,182,"Niigata",15,2020,10
"新潟","2020-11-01",16332,16236,96,20588,20465,123,184,172,"Niigata",15,2020,11
"新潟","2020-12-01",16368,16286,82,20654,20551,103,209,171,"Niigata",15,2020,12
"新潟","2021-01-01",16341,16261,80,20606,20504,102,144,164,"Niigata",15,2021,1
"新潟","2021-02-01",16363,16279,84,20615,20512,103,186,166,"Niigata",15,2021,2
"新潟","2021-03-01",16436,16364,72,20699,20608,91,239,208,"Niigata",15,2021,3
"新潟","2021-04-01",16435,16381,54,20657,20586,71,207,185,"Niigata",15,2021,4
"新潟","2021-05-01",16421,16362,59,20611,20537,74,171,175,"Niigata",15,2021,5
"新潟","2021-06-01",16406,16340,66,20546,20462,84,160,163,"Niigata",15,2021,6
"新潟","2021-07-01",16422,16356,66,20559,20470,89,179,143,"Niigata",15,2021,7
"新潟","2021-08-01",16464,16389,75,20589,20492,97,185,191,"Niigata",15,2021,8
"新潟","2021-09-01",16451,16376,75,20601,20502,99,178,173,"Niigata",15,2021,9
"新潟","2021-10-01",16434,16362,72,20578,20478,100,156,166,"Niigata",15,2021,10
"新潟","2021-11-01",16470,16395,75,20629,20514,115,201,179,"Niigata",15,2021,11
"新潟","2021-12-01",16539,16473,66,20721,20616,105,248,175,"Niigata",15,2021,12
"新潟","2022-01-01",16534,16465,69,20725,20619,106,170,165,"Niigata",15,2022,1
"新潟","2022-02-01",16546,16461,85,20741,20610,131,177,166,"Niigata",15,2022,2
"新潟","2022-03-01",16554,16481,73,20782,20667,115,174,203,"Niigata",15,2022,3
"新潟","2022-04-01",16531,16457,74,20686,20585,101,180,144,"Niigata",15,2022,4
"新潟","2022-05-01",16549,16458,91,20653,20530,123,162,169,"Niigata",15,2022,5
"富山","2018-01-01",3102,3061,41,3564,3510,54,32,36,"Toyama",16,2018,1
"富山","2018-02-01",3106,3067,39,3574,3523,51,40,40,"Toyama",16,2018,2
"富山","2018-03-01",3113,3076,37,3584,3536,48,47,42,"Toyama",16,2018,3
"富山","2018-04-01",3111,3076,35,3576,3529,47,40,32,"Toyama",16,2018,4
"富山","2018-05-01",3115,3081,34,3581,3533,48,36,32,"Toyama",16,2018,5
"富山","2018-06-01",3123,3091,32,3582,3540,42,40,45,"Toyama",16,2018,6
"富山","2018-07-01",3127,3094,33,3587,3545,42,49,36,"Toyama",16,2018,7
"富山","2018-08-01",3133,3092,41,3589,3537,52,42,25,"Toyama",16,2018,8
"富山","2018-09-01",3143,3093,50,3599,3539,60,35,27,"Toyama",16,2018,9
"富山","2018-10-01",3157,3106,51,3623,3562,61,41,37,"Toyama",16,2018,10
"富山","2018-11-01",3172,3122,50,3641,3581,60,52,40,"Toyama",16,2018,11
"富山","2018-12-01",3170,3121,49,3640,3581,59,38,33,"Toyama",16,2018,12
"富山","2019-01-01",3167,3121,46,3634,3578,56,30,31,"Toyama",16,2019,1
"富山","2019-02-01",3169,3125,44,3640,3584,56,33,27,"Toyama",16,2019,2
"富山","2019-03-01",3214,3177,37,3688,3640,48,72,39,"Toyama",16,2019,3
"富山","2019-04-01",3230,3193,37,3695,3647,48,55,28,"Toyama",16,2019,4
"富山","2019-05-01",3235,3194,41,3707,3655,52,35,42,"Toyama",16,2019,5
"富山","2019-06-01",3235,3197,38,3698,3655,43,43,30,"Toyama",16,2019,6
"富山","2019-07-01",3250,3210,40,3712,3664,48,45,50,"Toyama",16,2019,7
"富山","2019-08-01",3233,3193,40,3686,3637,49,33,38,"Toyama",16,2019,8
"富山","2019-09-01",3235,3194,41,3694,3646,48,40,31,"Toyama",16,2019,9
"富山","2019-10-01",3255,3217,38,3720,3677,43,50,49,"Toyama",16,2019,10
"富山","2019-11-01",3249,3207,42,3714,3667,47,43,39,"Toyama",16,2019,11
"富山","2019-12-01",3251,3211,40,3717,3672,45,41,43,"Toyama",16,2019,12
"富山","2020-01-01",3258,3216,42,3724,3677,47,49,37,"Toyama",16,2020,1
"富山","2020-02-01",3262,3218,44,3730,3679,51,41,44,"Toyama",16,2020,2
"富山","2020-03-01",3263,3225,38,3731,3688,43,45,47,"Toyama",16,2020,3
"富山","2020-04-01",3269,3233,36,3739,3698,41,53,37,"Toyama",16,2020,4
"富山","2020-05-01",3290,3255,35,3759,3718,41,57,26,"Toyama",16,2020,5
"富山","2020-06-01",3320,3282,38,3786,3740,46,56,39,"Toyama",16,2020,6
"富山","2020-07-01",3329,3297,32,3789,3750,39,48,36,"Toyama",16,2020,7
"富山","2020-08-01",3332,3298,34,3790,3746,44,39,43,"Toyama",16,2020,8
"富山","2020-09-01",3334,3296,38,3796,3748,48,45,37,"Toyama",16,2020,9
"富山","2020-10-01",3360,3318,42,3835,3783,52,64,42,"Toyama",16,2020,10
"富山","2020-11-01",3365,3328,37,3837,3790,47,46,48,"Toyama",16,2020,11
"富山","2020-12-01",3387,3356,31,3865,3826,39,70,34,"Toyama",16,2020,12
"富山","2021-01-01",3399,3365,34,3881,3841,40,45,30,"Toyama",16,2021,1
"富山","2021-02-01",3429,3393,36,3928,3887,41,60,35,"Toyama",16,2021,2
"富山","2021-03-01",3453,3415,38,3963,3920,43,59,62,"Toyama",16,2021,3
"富山","2021-04-01",3436,3396,40,3932,3887,45,45,36,"Toyama",16,2021,4
"富山","2021-05-01",3452,3412,40,3954,3909,45,53,37,"Toyama",16,2021,5
"富山","2021-06-01",3468,3427,41,3968,3922,46,53,32,"Toyama",16,2021,6
"富山","2021-07-01",3493,3451,42,4012,3964,48,57,49,"Toyama",16,2021,7
"富山","2021-08-01",3486,3442,44,4018,3965,53,42,49,"Toyama",16,2021,8
"富山","2021-09-01",3482,3440,42,4017,3966,51,45,31,"Toyama",16,2021,9
"富山","2021-10-01",3496,3450,46,4041,3986,55,45,34,"Toyama",16,2021,10
"富山","2021-11-01",3526,3482,44,4080,4024,56,64,37,"Toyama",16,2021,11
"富山","2021-12-01",3559,3524,35,4125,4078,47,70,58,"Toyama",16,2021,12
"富山","2022-01-01",3546,3516,30,4102,4064,38,46,46,"Toyama",16,2022,1
"富山","2022-02-01",3540,3508,32,4096,4056,40,42,39,"Toyama",16,2022,2
"富山","2022-03-01",3561,3532,29,4127,4091,36,60,62,"Toyama",16,2022,3
"富山","2022-04-01",3542,3513,29,4101,4062,39,42,25,"Toyama",16,2022,4
"富山","2022-05-01",3572,3547,25,4152,4117,35,55,39,"Toyama",16,2022,5
"石川","2018-01-01",6317,6262,55,7400,7339,61,38,70,"Ishikawa",17,2018,1
"石川","2018-02-01",6288,6236,52,7363,7302,61,41,72,"Ishikawa",17,2018,2
"石川","2018-03-01",6259,6214,45,7332,7279,53,43,91,"Ishikawa",17,2018,3
"石川","2018-04-01",6206,6169,37,7268,7225,43,38,54,"Ishikawa",17,2018,4
"石川","2018-05-01",6209,6173,36,7265,7225,40,57,62,"Ishikawa",17,2018,5
"石川","2018-06-01",6198,6148,50,7252,7195,57,51,58,"Ishikawa",17,2018,6
"石川","2018-07-01",6198,6151,47,7257,7201,56,58,63,"Ishikawa",17,2018,7
"石川","2018-08-01",6181,6140,41,7240,7188,52,46,51,"Ishikawa",17,2018,8
"石川","2018-09-01",6169,6123,46,7217,7163,54,39,53,"Ishikawa",17,2018,9
"石川","2018-10-01",6164,6118,46,7207,7153,54,48,45,"Ishikawa",17,2018,10
"石川","2018-11-01",6178,6124,54,7221,7161,60,59,47,"Ishikawa",17,2018,11
"石川","2018-12-01",6181,6130,51,7232,7174,58,50,55,"Ishikawa",17,2018,12
"石川","2019-01-01",6185,6133,52,7228,7162,66,59,58,"Ishikawa",17,2019,1
"石川","2019-02-01",6165,6114,51,7210,7141,69,38,64,"Ishikawa",17,2019,2
"石川","2019-03-01",6171,6119,52,7222,7152,70,70,67,"Ishikawa",17,2019,3
"石川","2019-04-01",6157,6112,45,7184,7125,59,53,55,"Ishikawa",17,2019,4
"石川","2019-05-01",6152,6101,51,7168,7103,65,50,42,"Ishikawa",17,2019,5
"石川","2019-06-01",6159,6101,58,7164,7088,76,49,67,"Ishikawa",17,2019,6
"石川","2019-07-01",6147,6091,56,7146,7072,74,55,70,"Ishikawa",17,2019,7
"石川","2019-08-01",6117,6064,53,7117,7038,79,40,62,"Ishikawa",17,2019,8
"石川","2019-09-01",6119,6062,57,7116,7040,76,64,44,"Ishikawa",17,2019,9
"石川","2019-10-01",6122,6067,55,7122,7050,72,47,55,"Ishikawa",17,2019,10
"石川","2019-11-01",6118,6067,51,7103,7042,61,51,50,"Ishikawa",17,2019,11
"石川","2019-12-01",6115,6064,51,7097,7030,67,47,50,"Ishikawa",17,2019,12
"石川","2020-01-01",6110,6063,47,7083,7018,65,45,63,"Ishikawa",17,2020,1
"石川","2020-02-01",6095,6048,47,7058,7002,56,48,60,"Ishikawa",17,2020,2
"石川","2020-03-01",6106,6061,45,7057,7004,53,71,68,"Ishikawa",17,2020,3
"石川","2020-04-01",6110,6064,46,7054,6998,56,72,58,"Ishikawa",17,2020,4
"石川","2020-05-01",6102,6059,43,7041,6988,53,50,49,"Ishikawa",17,2020,5
"石川","2020-06-01",6095,6045,50,7027,6966,61,42,55,"Ishikawa",17,2020,6
"石川","2020-07-01",6086,6029,57,7015,6944,71,46,41,"Ishikawa",17,2020,7
"石川","2020-08-01",6084,6024,60,7010,6933,77,39,48,"Ishikawa",17,2020,8
"石川","2020-09-01",6101,6035,66,7034,6950,84,64,47,"Ishikawa",17,2020,9
"石川","2020-10-01",6104,6042,62,7040,6959,81,50,62,"Ishikawa",17,2020,10
"石川","2020-11-01",6095,6038,57,7032,6960,72,53,68,"Ishikawa",17,2020,11
"石川","2020-12-01",6102,6056,46,7030,6971,59,75,58,"Ishikawa",17,2020,12
"石川","2021-01-01",6099,6058,41,7021,6972,49,56,44,"Ishikawa",17,2021,1
"石川","2021-02-01",6118,6076,42,7042,6990,52,63,50,"Ishikawa",17,2021,2
"石川","2021-03-01",6137,6093,44,7062,7007,55,69,73,"Ishikawa",17,2021,3
"石川","2021-04-01",6119,6066,53,7007,6946,61,55,46,"Ishikawa",17,2021,4
"石川","2021-05-01",6128,6078,50,7014,6957,57,55,45,"Ishikawa",17,2021,5
"石川","2021-06-01",6150,6092,58,7040,6980,60,67,67,"Ishikawa",17,2021,6
"石川","2021-07-01",6142,6089,53,7032,6976,56,59,53,"Ishikawa",17,2021,7
"石川","2021-08-01",6142,6090,52,7026,6971,55,53,48,"Ishikawa",17,2021,8
"石川","2021-09-01",6159,6114,45,7037,6987,50,65,67,"Ishikawa",17,2021,9
"石川","2021-10-01",6144,6108,36,7021,6977,44,52,62,"Ishikawa",17,2021,10
"石川","2021-11-01",6162,6119,43,7028,6978,50,80,70,"Ishikawa",17,2021,11
"石川","2021-12-01",6164,6128,36,7027,6984,43,72,56,"Ishikawa",17,2021,12
"石川","2022-01-01",6180,6139,41,7044,6993,51,72,57,"Ishikawa",17,2022,1
"石川","2022-02-01",6184,6145,39,7048,7003,45,61,65,"Ishikawa",17,2022,2
"石川","2022-03-01",6191,6154,37,7058,7014,44,72,67,"Ishikawa",17,2022,3
"石川","2022-04-01",6192,6152,40,7031,6985,46,68,44,"Ishikawa",17,2022,4
"石川","2022-05-01",6209,6163,46,7058,7003,55,61,39,"Ishikawa",17,2022,5
"福井","2018-01-01",3379,3316,63,4155,4081,74,25,38,"Fukui",18,2018,1
"福井","2018-02-01",3373,3295,78,4142,4049,93,32,34,"Fukui",18,2018,2
"福井","2018-03-01",3388,3309,79,4157,4062,95,49,53,"Fukui",18,2018,3
"福井","2018-04-01",3364,3290,74,4113,4023,90,29,28,"Fukui",18,2018,4
"福井","2018-05-01",3383,3314,69,4127,4046,81,47,32,"Fukui",18,2018,5
"福井","2018-06-01",3381,3320,61,4116,4047,69,30,38,"Fukui",18,2018,6
"福井","2018-07-01",3377,3317,60,4109,4042,67,34,39,"Fukui",18,2018,7
"福井","2018-08-01",3387,3328,59,4113,4046,67,49,53,"Fukui",18,2018,8
"福井","2018-09-01",3371,3316,55,4095,4030,65,37,26,"Fukui",18,2018,9
"福井","2018-10-01",3382,3329,53,4118,4055,63,37,25,"Fukui",18,2018,10
"福井","2018-11-01",3394,3330,64,4128,4051,77,37,42,"Fukui",18,2018,11
"福井","2018-12-01",3396,3333,63,4135,4053,82,44,34,"Fukui",18,2018,12
"福井","2019-01-01",3389,3332,57,4128,4056,72,27,45,"Fukui",18,2019,1
"福井","2019-02-01",3381,3325,56,4118,4049,69,37,29,"Fukui",18,2019,2
"福井","2019-03-01",3391,3340,51,4138,4074,64,39,43,"Fukui",18,2019,3
"福井","2019-04-01",3387,3350,37,4125,4083,42,40,23,"Fukui",18,2019,4
"福井","2019-05-01",3400,3355,45,4129,4079,50,36,27,"Fukui",18,2019,5
"福井","2019-06-01",3407,3363,44,4134,4084,50,34,36,"Fukui",18,2019,6
"福井","2019-07-01",3418,3372,46,4146,4094,52,47,34,"Fukui",18,2019,7
"福井","2019-08-01",3424,3377,47,4155,4103,52,40,29,"Fukui",18,2019,8
"福井","2019-09-01",3428,3373,55,4159,4090,69,33,27,"Fukui",18,2019,9
"福井","2019-10-01",3442,3397,45,4170,4117,53,40,30,"Fukui",18,2019,10
"福井","2019-11-01",3447,3408,39,4185,4139,46,35,37,"Fukui",18,2019,11
"福井","2019-12-01",3449,3410,39,4182,4135,47,39,36,"Fukui",18,2019,12
"福井","2020-01-01",3451,3413,38,4184,4138,46,38,35,"Fukui",18,2020,1
"福井","2020-02-01",3450,3412,38,4182,4132,50,34,46,"Fukui",18,2020,2
"福井","2020-03-01",3449,3414,35,4178,4136,42,45,45,"Fukui",18,2020,3
"福井","2020-04-01",3438,3395,43,4157,4105,52,34,29,"Fukui",18,2020,4
"福井","2020-05-01",3446,3403,43,4164,4111,53,37,33,"Fukui",18,2020,5
"福井","2020-06-01",3445,3397,48,4157,4099,58,32,27,"Fukui",18,2020,6
"福井","2020-07-01",3468,3428,40,4186,4137,49,50,55,"Fukui",18,2020,7
"福井","2020-08-01",3435,3391,44,4145,4096,49,22,31,"Fukui",18,2020,8
"福井","2020-09-01",3450,3404,46,4162,4110,52,46,37,"Fukui",18,2020,9
"福井","2020-10-01",3462,3418,44,4171,4123,48,49,46,"Fukui",18,2020,10
"福井","2020-11-01",3452,3414,38,4162,4121,41,36,23,"Fukui",18,2020,11
"福井","2020-12-01",3455,3415,40,4170,4126,44,26,32,"Fukui",18,2020,12
"福井","2021-01-01",3457,3411,46,4175,4119,56,34,39,"Fukui",18,2021,1
"福井","2021-02-01",3454,3415,39,4175,4127,48,36,37,"Fukui",18,2021,2
"福井","2021-03-01",3455,3417,38,4169,4120,49,38,48,"Fukui",18,2021,3
"福井","2021-04-01",3471,3432,39,4183,4137,46,64,41,"Fukui",18,2021,4
"福井","2021-05-01",3486,3452,34,4195,4156,39,55,31,"Fukui",18,2021,5
"福井","2021-06-01",3491,3454,37,4202,4158,44,36,24,"Fukui",18,2021,6
"福井","2021-07-01",3503,3464,39,4204,4151,53,36,50,"Fukui",18,2021,7
"福井","2021-08-01",3501,3459,42,4198,4149,49,47,42,"Fukui",18,2021,8
"福井","2021-09-01",3492,3444,48,4182,4127,55,33,45,"Fukui",18,2021,9
"福井","2021-10-01",3499,3452,47,4193,4138,55,52,33,"Fukui",18,2021,10
"福井","2021-11-01",3517,3477,40,4224,4174,50,51,48,"Fukui",18,2021,11
"福井","2021-12-01",3511,3481,30,4216,4179,37,42,37,"Fukui",18,2021,12
"福井","2022-01-01",3510,3475,35,4209,4165,44,36,27,"Fukui",18,2022,1
"福井","2022-02-01",3526,3484,42,4227,4170,57,43,21,"Fukui",18,2022,2
"福井","2022-03-01",3547,3507,40,4254,4201,53,42,47,"Fukui",18,2022,3
"福井","2022-04-01",3537,3500,37,4229,4179,50,37,47,"Fukui",18,2022,4
"福井","2022-05-01",3525,3491,34,4212,4163,49,35,42,"Fukui",18,2022,5
"山梨","2018-01-01",5711,5634,77,7109,7002,107,43,70,"Yamanashi",19,2018,1
"山梨","2018-02-01",5691,5612,79,7079,6966,113,50,71,"Yamanashi",19,2018,2
"山梨","2018-03-01",5695,5613,82,7076,6953,123,75,67,"Yamanashi",19,2018,3
"山梨","2018-04-01",5672,5588,84,7028,6898,130,44,57,"Yamanashi",19,2018,4
"山梨","2018-05-01",5688,5606,82,7041,6929,112,73,52,"Yamanashi",19,2018,5
"山梨","2018-06-01",5688,5600,88,7036,6919,117,52,61,"Yamanashi",19,2018,6
"山梨","2018-07-01",5694,5596,98,7032,6900,132,67,58,"Yamanashi",19,2018,7
"山梨","2018-08-01",5697,5601,96,7018,6893,125,61,67,"Yamanashi",19,2018,8
"山梨","2018-09-01",5689,5595,94,7006,6886,120,59,46,"Yamanashi",19,2018,9
"山梨","2018-10-01",5720,5636,84,7030,6918,112,77,68,"Yamanashi",19,2018,10
"山梨","2018-11-01",5723,5651,72,7045,6949,96,71,57,"Yamanashi",19,2018,11
"山梨","2018-12-01",5727,5661,66,7042,6956,86,61,42,"Yamanashi",19,2018,12
"山梨","2019-01-01",5739,5669,70,7050,6961,89,54,78,"Yamanashi",19,2019,1
"山梨","2019-02-01",5723,5653,70,7010,6927,83,62,62,"Yamanashi",19,2019,2
"山梨","2019-03-01",5724,5662,62,7026,6953,73,63,74,"Yamanashi",19,2019,3
"山梨","2019-04-01",5727,5668,59,7023,6952,71,77,69,"Yamanashi",19,2019,4
"山梨","2019-05-01",5721,5668,53,7040,6974,66,63,62,"Yamanashi",19,2019,5
"山梨","2019-06-01",5710,5651,59,7022,6947,75,51,49,"Yamanashi",19,2019,6
"山梨","2019-07-01",5726,5666,60,7050,6976,74,65,61,"Yamanashi",19,2019,7
"山梨","2019-08-01",5713,5655,58,7026,6945,81,48,66,"Yamanashi",19,2019,8
"山梨","2019-09-01",5706,5648,58,7012,6931,81,59,58,"Yamanashi",19,2019,9
"山梨","2019-10-01",5728,5680,48,7044,6974,70,80,63,"Yamanashi",19,2019,10
"山梨","2019-11-01",5713,5666,47,7001,6941,60,48,66,"Yamanashi",19,2019,11
"山梨","2019-12-01",5706,5657,49,6983,6922,61,59,61,"Yamanashi",19,2019,12
"山梨","2020-01-01",5708,5660,48,6983,6925,58,63,68,"Yamanashi",19,2020,1
"山梨","2020-02-01",5692,5645,47,6972,6916,56,52,61,"Yamanashi",19,2020,2
"山梨","2020-03-01",5707,5660,47,6985,6927,58,76,69,"Yamanashi",19,2020,3
"山梨","2020-04-01",5721,5672,49,6992,6933,59,83,66,"Yamanashi",19,2020,4
"山梨","2020-05-01",5701,5647,54,6956,6887,69,46,52,"Yamanashi",19,2020,5
"山梨","2020-06-01",5721,5665,56,6972,6898,74,72,57,"Yamanashi",19,2020,6
"山梨","2020-07-01",5725,5672,53,6981,6912,69,61,65,"Yamanashi",19,2020,7
"山梨","2020-08-01",5718,5660,58,6973,6890,83,58,56,"Yamanashi",19,2020,8
"山梨","2020-09-01",5736,5672,64,6986,6893,93,74,66,"Yamanashi",19,2020,9
"山梨","2020-10-01",5763,5703,60,7006,6929,77,93,72,"Yamanashi",19,2020,10
"山梨","2020-11-01",5751,5701,50,6978,6920,58,60,55,"Yamanashi",19,2020,11
"山梨","2020-12-01",5776,5722,54,7023,6957,66,80,66,"Yamanashi",19,2020,12
"山梨","2021-01-01",5783,5720,63,7039,6966,73,73,66,"Yamanashi",19,2021,1
"山梨","2021-02-01",5790,5727,63,7060,6987,73,73,50,"Yamanashi",19,2021,2
"山梨","2021-03-01",5826,5767,59,7104,7034,70,86,64,"Yamanashi",19,2021,3
"山梨","2021-04-01",5842,5779,63,7107,7035,72,80,61,"Yamanashi",19,2021,4
"山梨","2021-05-01",5825,5758,67,7072,6989,83,44,59,"Yamanashi",19,2021,5
"山梨","2021-06-01",5844,5771,73,7096,7006,90,79,57,"Yamanashi",19,2021,6
"山梨","2021-07-01",5839,5762,77,7066,6966,100,52,65,"Yamanashi",19,2021,7
"山梨","2021-08-01",5826,5748,78,7051,6953,98,52,75,"Yamanashi",19,2021,8
"山梨","2021-09-01",5840,5767,73,7069,6987,82,89,69,"Yamanashi",19,2021,9
"山梨","2021-10-01",5834,5768,66,7049,6976,73,63,57,"Yamanashi",19,2021,10
"山梨","2021-11-01",5841,5782,59,7048,6982,66,64,68,"Yamanashi",19,2021,11
"山梨","2021-12-01",5831,5775,56,7028,6961,67,58,53,"Yamanashi",19,2021,12
"山梨","2022-01-01",5837,5780,57,7022,6954,68,59,58,"Yamanashi",19,2022,1
"山梨","2022-02-01",5826,5763,63,7020,6946,74,48,48,"Yamanashi",19,2022,2
"山梨","2022-03-01",5842,5779,63,7032,6957,75,64,69,"Yamanashi",19,2022,3
"山梨","2022-04-01",5822,5757,65,7007,6926,81,49,39,"Yamanashi",19,2022,4
"山梨","2022-05-01",5835,5769,66,7019,6936,83,52,70,"Yamanashi",19,2022,5
"長野","2018-01-01",8921,8830,91,11071,10948,123,98,108,"Nagano",20,2018,1
"長野","2018-02-01",8910,8825,85,11059,10939,120,97,106,"Nagano",20,2018,2
"長野","2018-03-01",8969,8896,73,11140,11038,102,165,122,"Nagano",20,2018,3
"長野","2018-04-01",8942,8866,76,11064,10959,105,94,95,"Nagano",20,2018,4
"長野","2018-05-01",8966,8881,85,11103,10986,117,119,115,"Nagano",20,2018,5
"長野","2018-06-01",8960,8868,92,11079,10953,126,109,132,"Nagano",20,2018,6
"長野","2018-07-01",8926,8842,84,11028,10912,116,98,87,"Nagano",20,2018,7
"長野","2018-08-01",8954,8874,80,11060,10962,98,115,106,"Nagano",20,2018,8
"長野","2018-09-01",8954,8877,77,11055,10949,106,107,85,"Nagano",20,2018,9
"長野","2018-10-01",8983,8906,77,11096,10990,106,114,122,"Nagano",20,2018,10
"長野","2018-11-01",8960,8886,74,11048,10949,99,99,115,"Nagano",20,2018,11
"長野","2018-12-01",8963,8899,64,11051,10970,81,118,102,"Nagano",20,2018,12
"長野","2019-01-01",8953,8889,64,11062,10978,84,92,118,"Nagano",20,2019,1
"長野","2019-02-01",8947,8874,73,11079,10974,105,112,89,"Nagano",20,2019,2
"長野","2019-03-01",8988,8921,67,11124,11033,91,130,126,"Nagano",20,2019,3
"長野","2019-04-01",8998,8948,50,11107,11034,73,136,100,"Nagano",20,2019,4
"長野","2019-05-01",9002,8953,49,11099,11032,67,104,112,"Nagano",20,2019,5
"長野","2019-06-01",8996,8943,53,11088,11014,74,106,100,"Nagano",20,2019,6
"長野","2019-07-01",9036,8970,66,11126,11035,91,140,112,"Nagano",20,2019,7
"長野","2019-08-01",9036,8958,78,11121,11012,109,112,107,"Nagano",20,2019,8
"長野","2019-09-01",9016,8922,94,11087,10955,132,87,106,"Nagano",20,2019,9
"長野","2019-10-01",9024,8927,97,11085,10944,141,114,109,"Nagano",20,2019,10
"長野","2019-11-01",9028,8934,94,11094,10947,147,113,105,"Nagano",20,2019,11
"長野","2019-12-01",9026,8933,93,11096,10954,142,103,109,"Nagano",20,2019,12
"長野","2020-01-01",9017,8927,90,11073,10936,137,99,128,"Nagano",20,2020,1
"長野","2020-02-01",8974,8894,80,11027,10908,119,86,123,"Nagano",20,2020,2
"長野","2020-03-01",8971,8897,74,11027,10913,114,122,130,"Nagano",20,2020,3
"長野","2020-04-01",8969,8901,68,10988,10884,104,128,105,"Nagano",20,2020,4
"長野","2020-05-01",8979,8901,78,10979,10862,117,115,82,"Nagano",20,2020,5
"長野","2020-06-01",8995,8919,76,10989,10876,113,98,118,"Nagano",20,2020,6
"長野","2020-07-01",9002,8924,78,11004,10888,116,125,104,"Nagano",20,2020,7
"長野","2020-08-01",8996,8915,81,10980,10867,113,97,106,"Nagano",20,2020,8
"長野","2020-09-01",9018,8938,80,11005,10901,104,129,101,"Nagano",20,2020,9
"長野","2020-10-01",9034,8960,74,11024,10926,98,114,114,"Nagano",20,2020,10
"長野","2020-11-01",9034,8965,69,11002,10911,91,114,114,"Nagano",20,2020,11
"長野","2020-12-01",9047,8983,64,11006,10925,81,127,117,"Nagano",20,2020,12
"長野","2021-01-01",9043,8989,54,10995,10928,67,113,127,"Nagano",20,2021,1
"長野","2021-02-01",9047,8993,54,11008,10941,67,131,100,"Nagano",20,2021,2
"長野","2021-03-01",9110,9042,68,11075,10974,101,163,149,"Nagano",20,2021,3
"長野","2021-04-01",9094,9031,63,11031,10945,86,133,111,"Nagano",20,2021,4
"長野","2021-05-01",9083,9012,71,11007,10909,98,98,101,"Nagano",20,2021,5
"長野","2021-06-01",9101,9008,93,10992,10870,122,119,121,"Nagano",20,2021,6
"長野","2021-07-01",9093,8999,94,10982,10864,118,113,128,"Nagano",20,2021,7
"長野","2021-08-01",9079,8990,89,10962,10846,116,114,119,"Nagano",20,2021,8
"長野","2021-09-01",9092,9006,86,10972,10866,106,132,99,"Nagano",20,2021,9
"長野","2021-10-01",9094,9004,90,10964,10853,111,101,107,"Nagano",20,2021,10
"長野","2021-11-01",9107,9023,84,10999,10892,107,121,132,"Nagano",20,2021,11
"長野","2021-12-01",9106,9035,71,10997,10911,86,131,112,"Nagano",20,2021,12
"長野","2022-01-01",9103,9035,68,10990,10905,85,109,106,"Nagano",20,2022,1
"長野","2022-02-01",9109,9037,72,11016,10930,86,113,95,"Nagano",20,2022,2
"長野","2022-03-01",9121,9049,72,11029,10945,84,107,139,"Nagano",20,2022,3
"長野","2022-04-01",9072,9000,72,10963,10880,83,90,106,"Nagano",20,2022,4
"長野","2022-05-01",9073,9002,71,10950,10866,84,108,112,"Nagano",20,2022,5
"岐阜","2018-01-01",9672,9561,111,11895,11737,158,87,112,"Gifu",21,2018,1
"岐阜","2018-02-01",9658,9538,120,11881,11705,176,98,80,"Gifu",21,2018,2
"岐阜","2018-03-01",9667,9539,128,11865,11692,173,89,103,"Gifu",21,2018,3
"岐阜","2018-04-01",9636,9520,116,11789,11637,152,72,74,"Gifu",21,2018,4
"岐阜","2018-05-01",9656,9544,112,11821,11675,146,94,95,"Gifu",21,2018,5
"岐阜","2018-06-01",9649,9531,118,11797,11644,153,88,90,"Gifu",21,2018,6
"岐阜","2018-07-01",9669,9571,98,11814,11696,118,110,73,"Gifu",21,2018,7
"岐阜","2018-08-01",9700,9602,98,11846,11724,122,97,104,"Gifu",21,2018,8
"岐阜","2018-09-01",9675,9568,107,11789,11665,124,79,61,"Gifu",21,2018,9
"岐阜","2018-10-01",9717,9595,122,11826,11683,143,103,109,"Gifu",21,2018,10
"岐阜","2018-11-01",9692,9581,111,11816,11683,133,85,92,"Gifu",21,2018,11
"岐阜","2018-12-01",9682,9566,116,11811,11668,143,82,107,"Gifu",21,2018,12
"岐阜","2019-01-01",9644,9534,110,11758,11623,135,69,112,"Gifu",21,2019,1
"岐阜","2019-02-01",9618,9511,107,11741,11607,134,86,99,"Gifu",21,2019,2
"岐阜","2019-03-01",9622,9511,111,11764,11623,141,103,104,"Gifu",21,2019,3
"岐阜","2019-04-01",9612,9504,108,11719,11571,148,94,78,"Gifu",21,2019,4
"岐阜","2019-05-01",9626,9513,113,11720,11574,146,92,101,"Gifu",21,2019,5
"岐阜","2019-06-01",9624,9513,111,11692,11551,141,99,79,"Gifu",21,2019,6
"岐阜","2019-07-01",9667,9559,108,11731,11603,128,121,104,"Gifu",21,2019,7
"岐阜","2019-08-01",9663,9552,111,11717,11577,140,100,113,"Gifu",21,2019,8
"岐阜","2019-09-01",9634,9523,111,11669,11528,141,84,87,"Gifu",21,2019,9
"岐阜","2019-10-01",9630,9528,102,11656,11528,128,83,90,"Gifu",21,2019,10
"岐阜","2019-11-01",9638,9530,108,11686,11550,136,99,101,"Gifu",21,2019,11
"岐阜","2019-12-01",9630,9535,95,11677,11560,117,93,107,"Gifu",21,2019,12
"岐阜","2020-01-01",9615,9523,92,11659,11547,112,92,111,"Gifu",21,2020,1
"岐阜","2020-02-01",9598,9504,94,11639,11527,112,94,109,"Gifu",21,2020,2
"岐阜","2020-03-01",9614,9524,90,11657,11545,112,125,122,"Gifu",21,2020,3
"岐阜","2020-04-01",9618,9534,84,11635,11532,103,126,83,"Gifu",21,2020,4
"岐阜","2020-05-01",9626,9535,91,11639,11520,119,91,95,"Gifu",21,2020,5
"岐阜","2020-06-01",9624,9531,93,11629,11509,120,93,83,"Gifu",21,2020,6
"岐阜","2020-07-01",9641,9551,90,11637,11525,112,100,94,"Gifu",21,2020,7
"岐阜","2020-08-01",9624,9536,88,11613,11507,106,77,85,"Gifu",21,2020,8
"岐阜","2020-09-01",9615,9528,87,11601,11498,103,76,100,"Gifu",21,2020,9
"岐阜","2020-10-01",9616,9532,84,11610,11515,95,101,110,"Gifu",21,2020,10
"岐阜","2020-11-01",9598,9530,68,11583,11506,77,92,83,"Gifu",21,2020,11
"岐阜","2020-12-01",9625,9545,80,11627,11536,91,110,90,"Gifu",21,2020,12
"岐阜","2021-01-01",9626,9553,73,11641,11556,85,91,112,"Gifu",21,2021,1
"岐阜","2021-02-01",9617,9543,74,11618,11532,86,104,77,"Gifu",21,2021,2
"岐阜","2021-03-01",9663,9584,79,11662,11568,94,123,117,"Gifu",21,2021,3
"岐阜","2021-04-01",9640,9553,87,11598,11500,98,95,83,"Gifu",21,2021,4
"岐阜","2021-05-01",9648,9563,85,11607,11509,98,91,90,"Gifu",21,2021,5
"岐阜","2021-06-01",9657,9573,84,11589,11493,96,99,75,"Gifu",21,2021,6
"岐阜","2021-07-01",9667,9586,81,11575,11477,98,86,83,"Gifu",21,2021,7
"岐阜","2021-08-01",9674,9592,82,11580,11487,93,90,93,"Gifu",21,2021,8
"岐阜","2021-09-01",9674,9601,73,11575,11493,82,93,90,"Gifu",21,2021,9
"岐阜","2021-10-01",9677,9598,79,11588,11494,94,95,91,"Gifu",21,2021,10
"岐阜","2021-11-01",9685,9607,78,11578,11492,86,99,100,"Gifu",21,2021,11
"岐阜","2021-12-01",9670,9596,74,11555,11474,81,85,107,"Gifu",21,2021,12
"岐阜","2022-01-01",9662,9598,64,11537,11468,69,99,103,"Gifu",21,2022,1
"岐阜","2022-02-01",9652,9582,70,11538,11461,77,93,109,"Gifu",21,2022,2
"岐阜","2022-03-01",9624,9567,57,11501,11440,61,81,133,"Gifu",21,2022,3
"岐阜","2022-04-01",9574,9515,59,11432,11353,79,82,76,"Gifu",21,2022,4
"岐阜","2022-05-01",9609,9554,55,11467,11391,76,111,83,"Gifu",21,2022,5
"静岡","2018-01-01",24795,24557,238,31224,30913,311,256,302,"Shizuoka",22,2018,1
"静岡","2018-02-01",24779,24524,255,31207,30860,347,286,305,"Shizuoka",22,2018,2
"静岡","2018-03-01",24818,24581,237,31239,30916,323,344,359,"Shizuoka",22,2018,3
"静岡","2018-04-01",24715,24506,209,31008,30720,288,257,223,"Shizuoka",22,2018,4
"静岡","2018-05-01",24801,24586,215,31095,30803,292,309,293,"Shizuoka",22,2018,5
"静岡","2018-06-01",24806,24556,250,31067,30729,338,298,260,"Shizuoka",22,2018,6
"静岡","2018-07-01",24854,24607,247,31102,30778,324,308,283,"Shizuoka",22,2018,7
"静岡","2018-08-01",24894,24645,249,31164,30830,334,323,285,"Shizuoka",22,2018,8
"静岡","2018-09-01",24880,24645,235,31080,30768,312,270,236,"Shizuoka",22,2018,9
"静岡","2018-10-01",24981,24751,230,31225,30927,298,337,303,"Shizuoka",22,2018,10
"静岡","2018-11-01",24985,24752,233,31234,30932,302,308,276,"Shizuoka",22,2018,11
"静岡","2018-12-01",25009,24758,251,31263,30932,331,300,253,"Shizuoka",22,2018,12
"静岡","2019-01-01",25009,24757,252,31242,30910,332,253,334,"Shizuoka",22,2019,1
"静岡","2019-02-01",24980,24748,232,31185,30890,295,305,277,"Shizuoka",22,2019,2
"静岡","2019-03-01",25022,24804,218,31232,30956,276,320,323,"Shizuoka",22,2019,3
"静岡","2019-04-01",25015,24786,229,31188,30889,299,316,243,"Shizuoka",22,2019,4
"静岡","2019-05-01",25049,24818,231,31177,30866,311,277,279,"Shizuoka",22,2019,5
"静岡","2019-06-01",25094,24858,236,31218,30896,322,324,259,"Shizuoka",22,2019,6
"静岡","2019-07-01",25214,24982,232,31358,31033,325,379,305,"Shizuoka",22,2019,7
"静岡","2019-08-01",25195,24964,231,31305,31011,294,286,267,"Shizuoka",22,2019,8
"静岡","2019-09-01",25227,24992,235,31347,31046,301,300,283,"Shizuoka",22,2019,9
"静岡","2019-10-01",25287,25058,229,31356,31058,298,343,289,"Shizuoka",22,2019,10
"静岡","2019-11-01",25285,25057,228,31326,31034,292,287,329,"Shizuoka",22,2019,11
"静岡","2019-12-01",25276,25047,229,31298,31004,294,320,269,"Shizuoka",22,2019,12
"静岡","2020-01-01",25278,25056,222,31288,31011,277,270,316,"Shizuoka",22,2020,1
"静岡","2020-02-01",25275,25067,208,31296,31034,262,313,287,"Shizuoka",22,2020,2
"静岡","2020-03-01",25382,25172,210,31435,31177,258,394,332,"Shizuoka",22,2020,3
"静岡","2020-04-01",25403,25210,193,31408,31150,258,353,217,"Shizuoka",22,2020,4
"静岡","2020-05-01",25535,25347,188,31495,31246,249,349,232,"Shizuoka",22,2020,5
"静岡","2020-06-01",25620,25419,201,31558,31281,277,317,273,"Shizuoka",22,2020,6
"静岡","2020-07-01",25691,25491,200,31655,31380,275,344,288,"Shizuoka",22,2020,7
"静岡","2020-08-01",25703,25513,190,31688,31422,266,301,253,"Shizuoka",22,2020,8
"静岡","2020-09-01",25750,25544,206,31732,31452,280,300,280,"Shizuoka",22,2020,9
"静岡","2020-10-01",25824,25609,215,31792,31528,264,354,309,"Shizuoka",22,2020,10
"静岡","2020-11-01",25819,25590,229,31752,31464,288,304,284,"Shizuoka",22,2020,11
"静岡","2020-12-01",25891,25653,238,31850,31551,299,356,296,"Shizuoka",22,2020,12
"静岡","2021-01-01",25926,25668,258,31892,31564,328,330,317,"Shizuoka",22,2021,1
"静岡","2021-02-01",25962,25708,254,31934,31621,313,353,278,"Shizuoka",22,2021,2
"静岡","2021-03-01",26092,25852,240,32128,31831,297,409,350,"Shizuoka",22,2021,3
"静岡","2021-04-01",26092,25863,229,32048,31766,282,349,248,"Shizuoka",22,2021,4
"静岡","2021-05-01",26126,25893,233,32010,31720,290,282,276,"Shizuoka",22,2021,5
"静岡","2021-06-01",26222,25995,227,32126,31840,286,372,291,"Shizuoka",22,2021,6
"静岡","2021-07-01",26244,26019,225,32161,31879,282,313,253,"Shizuoka",22,2021,7
"静岡","2021-08-01",26332,26093,239,32276,31976,300,340,315,"Shizuoka",22,2021,8
"静岡","2021-09-01",26353,26105,248,32251,31919,332,337,328,"Shizuoka",22,2021,9
"静岡","2021-10-01",26373,26135,238,32270,31948,322,349,292,"Shizuoka",22,2021,10
"静岡","2021-11-01",26439,26206,233,32313,31993,320,358,308,"Shizuoka",22,2021,11
"静岡","2021-12-01",26469,26225,244,32356,32008,348,338,284,"Shizuoka",22,2021,12
"静岡","2022-01-01",26522,26280,242,32399,32055,344,337,366,"Shizuoka",22,2022,1
"静岡","2022-02-01",26479,26240,239,32314,31992,322,323,317,"Shizuoka",22,2022,2
"静岡","2022-03-01",26498,26271,227,32358,32061,297,336,374,"Shizuoka",22,2022,3
"静岡","2022-04-01",26409,26174,235,32202,31896,306,285,257,"Shizuoka",22,2022,4
"静岡","2022-05-01",26484,26251,233,32293,31978,315,332,298,"Shizuoka",22,2022,5
"愛知","2018-01-01",61309,60933,376,78125,77612,513,694,853,"Aichi",23,2018,1
"愛知","2018-02-01",61198,60821,377,77888,77387,501,742,839,"Aichi",23,2018,2
"愛知","2018-03-01",61299,60923,376,78017,77526,491,940,962,"Aichi",23,2018,3
"愛知","2018-04-01",61042,60678,364,77496,77020,476,705,705,"Aichi",23,2018,4
"愛知","2018-05-01",61222,60842,380,77637,77146,491,885,857,"Aichi",23,2018,5
"愛知","2018-06-01",61107,60732,375,77271,76771,500,741,768,"Aichi",23,2018,6
"愛知","2018-07-01",61157,60787,370,77272,76759,513,816,797,"Aichi",23,2018,7
"愛知","2018-08-01",61243,60876,367,77323,76806,517,883,856,"Aichi",23,2018,8
"愛知","2018-09-01",61121,60728,393,77109,76565,544,734,719,"Aichi",23,2018,9
"愛知","2018-10-01",61244,60862,382,77298,76780,518,844,919,"Aichi",23,2018,10
"愛知","2018-11-01",61138,60774,364,77110,76623,487,812,821,"Aichi",23,2018,11
"愛知","2018-12-01",61064,60709,355,76966,76505,461,747,749,"Aichi",23,2018,12
"愛知","2019-01-01",60975,60625,350,76852,76398,454,660,790,"Aichi",23,2019,1
"愛知","2019-02-01",60896,60534,362,76659,76168,491,711,794,"Aichi",23,2019,2
"愛知","2019-03-01",60965,60585,380,76728,76228,500,863,903,"Aichi",23,2019,3
"愛知","2019-04-01",60796,60433,363,76295,75815,480,733,653,"Aichi",23,2019,4
"愛知","2019-05-01",60897,60541,356,76312,75849,463,754,798,"Aichi",23,2019,5
"愛知","2019-06-01",60861,60475,386,76212,75696,516,761,747,"Aichi",23,2019,6
"愛知","2019-07-01",61038,60666,372,76377,75892,485,924,823,"Aichi",23,2019,7
"愛知","2019-08-01",61060,60663,397,76303,75785,518,846,812,"Aichi",23,2019,8
"愛知","2019-09-01",61009,60616,393,76211,75694,517,765,726,"Aichi",23,2019,9
"愛知","2019-10-01",61111,60705,406,76277,75736,541,830,835,"Aichi",23,2019,10
"愛知","2019-11-01",61116,60729,387,76207,75712,495,839,807,"Aichi",23,2019,11
"愛知","2019-12-01",61077,60712,365,76163,75707,456,772,773,"Aichi",23,2019,12
"愛知","2020-01-01",61051,60665,386,76108,75626,482,753,848,"Aichi",23,2020,1
"愛知","2020-02-01",60923,60538,385,75901,75438,463,727,834,"Aichi",23,2020,2
"愛知","2020-03-01",61041,60669,372,76036,75588,448,952,909,"Aichi",23,2020,3
"愛知","2020-04-01",61069,60698,371,75998,75553,445,937,665,"Aichi",23,2020,4
"愛知","2020-05-01",61268,60880,388,76196,75707,489,869,678,"Aichi",23,2020,5
"愛知","2020-06-01",61458,61079,379,76378,75898,480,863,741,"Aichi",23,2020,6
"愛知","2020-07-01",61597,61218,379,76442,75964,478,880,817,"Aichi",23,2020,7
"愛知","2020-08-01",61527,61148,379,76370,75892,478,746,827,"Aichi",23,2020,8
"愛知","2020-09-01",61610,61187,423,76415,75892,523,910,797,"Aichi",23,2020,9
"愛知","2020-10-01",61664,61243,421,76421,75914,507,850,834,"Aichi",23,2020,10
"愛知","2020-11-01",61725,61314,411,76491,75987,504,893,789,"Aichi",23,2020,11
"愛知","2020-12-01",61769,61344,425,76557,76015,542,833,779,"Aichi",23,2020,12
"愛知","2021-01-01",61768,61331,437,76531,75987,544,778,821,"Aichi",23,2021,1
"愛知","2021-02-01",61745,61310,435,76448,75914,534,798,771,"Aichi",23,2021,2
"愛知","2021-03-01",61990,61571,419,76737,76248,489,1017,991,"Aichi",23,2021,3
"愛知","2021-04-01",61832,61424,408,76398,75930,468,833,688,"Aichi",23,2021,4
"愛知","2021-05-01",61933,61524,409,76407,75925,482,789,794,"Aichi",23,2021,5
"愛知","2021-06-01",61972,61548,424,76362,75846,516,833,796,"Aichi",23,2021,6
"愛知","2021-07-01",62009,61589,420,76437,75921,516,833,754,"Aichi",23,2021,7
"愛知","2021-08-01",62036,61619,417,76413,75890,523,781,795,"Aichi",23,2021,8
"愛知","2021-09-01",62113,61669,444,76430,75869,561,872,800,"Aichi",23,2021,9
"愛知","2021-10-01",62100,61668,432,76345,75808,537,788,835,"Aichi",23,2021,10
"愛知","2021-11-01",62119,61685,434,76376,75844,532,853,808,"Aichi",23,2021,11
"愛知","2021-12-01",62156,61740,416,76362,75853,509,845,783,"Aichi",23,2021,12
"愛知","2022-01-01",62130,61716,414,76290,75765,525,756,871,"Aichi",23,2022,1
"愛知","2022-02-01",62019,61610,409,76110,75581,529,760,808,"Aichi",23,2022,2
"愛知","2022-03-01",62084,61708,376,76227,75752,475,873,1016,"Aichi",23,2022,3
"愛知","2022-04-01",61790,61406,384,75731,75254,477,722,680,"Aichi",23,2022,4
"愛知","2022-05-01",61943,61561,382,75842,75364,478,833,811,"Aichi",23,2022,5
"三重","2018-01-01",12673,12588,85,16169,16045,124,117,152,"Mie",24,2018,1
"三重","2018-02-01",12652,12567,85,16129,16004,125,131,171,"Mie",24,2018,2
"三重","2018-03-01",12612,12530,82,16076,15967,109,131,168,"Mie",24,2018,3
"三重","2018-04-01",12585,12503,82,15956,15850,106,141,119,"Mie",24,2018,4
"三重","2018-05-01",12637,12550,87,16042,15927,115,171,136,"Mie",24,2018,5
"三重","2018-06-01",12629,12537,92,16019,15903,116,128,134,"Mie",24,2018,6
"三重","2018-07-01",12645,12552,93,16068,15942,126,150,147,"Mie",24,2018,7
"三重","2018-08-01",12630,12541,89,16050,15925,125,132,169,"Mie",24,2018,8
"三重","2018-09-01",12581,12486,95,15938,15812,126,120,128,"Mie",24,2018,9
"三重","2018-10-01",12605,12504,101,15962,15831,131,152,151,"Mie",24,2018,10
"三重","2018-11-01",12604,12504,100,15963,15829,134,150,136,"Mie",24,2018,11
"三重","2018-12-01",12590,12496,94,15938,15807,131,122,138,"Mie",24,2018,12
"三重","2019-01-01",12553,12459,94,15885,15756,129,101,144,"Mie",24,2019,1
"三重","2019-02-01",12535,12435,100,15873,15732,141,125,149,"Mie",24,2019,2
"三重","2019-03-01",12512,12430,82,15840,15732,108,126,143,"Mie",24,2019,3
"三重","2019-04-01",12515,12433,82,15770,15659,111,146,123,"Mie",24,2019,4
"三重","2019-05-01",12524,12447,77,15723,15624,99,132,129,"Mie",24,2019,5
"三重","2019-06-01",12535,12445,90,15714,15598,116,140,142,"Mie",24,2019,6
"三重","2019-07-01",12560,12467,93,15720,15591,129,167,175,"Mie",24,2019,7
"三重","2019-08-01",12547,12461,86,15678,15554,124,162,124,"Mie",24,2019,8
"三重","2019-09-01",12566,12468,98,15687,15548,139,143,120,"Mie",24,2019,9
"三重","2019-10-01",12599,12502,97,15713,15568,145,153,163,"Mie",24,2019,10
"三重","2019-11-01",12573,12477,96,15692,15555,137,137,154,"Mie",24,2019,11
"三重","2019-12-01",12565,12469,96,15672,15544,128,146,146,"Mie",24,2019,12
"三重","2020-01-01",12546,12454,92,15653,15532,121,127,162,"Mie",24,2020,1
"三重","2020-02-01",12499,12405,94,15576,15446,130,115,137,"Mie",24,2020,2
"三重","2020-03-01",12534,12444,90,15617,15496,121,172,187,"Mie",24,2020,3
"三重","2020-04-01",12518,12431,87,15572,15460,112,171,118,"Mie",24,2020,4
"三重","2020-05-01",12555,12476,79,15587,15482,105,155,129,"Mie",24,2020,5
"三重","2020-06-01",12566,12474,92,15569,15437,132,140,125,"Mie",24,2020,6
"三重","2020-07-01",12597,12515,82,15605,15487,118,156,131,"Mie",24,2020,7
"三重","2020-08-01",12570,12484,86,15585,15457,128,104,133,"Mie",24,2020,8
"三重","2020-09-01",12585,12509,76,15605,15493,112,148,113,"Mie",24,2020,9
"三重","2020-10-01",12621,12544,77,15652,15544,108,149,166,"Mie",24,2020,10
"三重","2020-11-01",12617,12547,70,15664,15570,94,162,154,"Mie",24,2020,11
"三重","2020-12-01",12653,12581,72,15714,15613,101,190,143,"Mie",24,2020,12
"三重","2021-01-01",12640,12572,68,15686,15599,87,130,178,"Mie",24,2021,1
"三重","2021-02-01",12635,12552,83,15692,15578,114,173,134,"Mie",24,2021,2
"三重","2021-03-01",12713,12641,72,15818,15720,98,212,172,"Mie",24,2021,3
"三重","2021-04-01",12687,12614,73,15747,15652,95,146,144,"Mie",24,2021,4
"三重","2021-05-01",12701,12621,80,15768,15656,112,158,125,"Mie",24,2021,5
"三重","2021-06-01",12718,12633,85,15773,15645,128,142,158,"Mie",24,2021,6
"三重","2021-07-01",12733,12641,92,15777,15647,130,173,129,"Mie",24,2021,7
"三重","2021-08-01",12740,12646,94,15791,15657,134,136,145,"Mie",24,2021,8
"三重","2021-09-01",12739,12640,99,15791,15656,135,144,141,"Mie",24,2021,9
"三重","2021-10-01",12729,12628,101,15777,15639,138,131,140,"Mie",24,2021,10
"三重","2021-11-01",12745,12659,86,15780,15667,113,156,151,"Mie",24,2021,11
"三重","2021-12-01",12744,12648,96,15785,15665,120,150,130,"Mie",24,2021,12
"三重","2022-01-01",12762,12669,93,15801,15676,125,148,137,"Mie",24,2022,1
"三重","2022-02-01",12749,12647,102,15782,15646,136,124,133,"Mie",24,2022,2
"三重","2022-03-01",12772,12662,110,15816,15674,142,156,188,"Mie",24,2022,3
"三重","2022-04-01",12716,12595,121,15659,15504,155,132,116,"Mie",24,2022,4
"三重","2022-05-01",12748,12639,109,15690,15546,144,148,138,"Mie",24,2022,5
"滋賀","2018-01-01",8252,8181,71,11345,11243,102,82,80,"Shiga",25,2018,1
"滋賀","2018-02-01",8259,8182,77,11323,11207,116,87,104,"Shiga",25,2018,2
"滋賀","2018-03-01",8266,8206,60,11353,11262,91,111,148,"Shiga",25,2018,3
"滋賀","2018-04-01",8206,8153,53,11251,11165,86,88,85,"Shiga",25,2018,4
"滋賀","2018-05-01",8228,8170,58,11275,11172,103,107,106,"Shiga",25,2018,5
"滋賀","2018-06-01",8221,8167,54,11238,11142,96,99,114,"Shiga",25,2018,6
"滋賀","2018-07-01",8206,8147,59,11203,11101,102,99,75,"Shiga",25,2018,7
"滋賀","2018-08-01",8248,8179,69,11250,11141,109,117,99,"Shiga",25,2018,8
"滋賀","2018-09-01",8212,8145,67,11201,11095,106,63,98,"Shiga",25,2018,9
"滋賀","2018-10-01",8206,8149,57,11190,11097,93,92,98,"Shiga",25,2018,10
"滋賀","2018-11-01",8223,8160,63,11217,11119,98,115,95,"Shiga",25,2018,11
"滋賀","2018-12-01",8212,8142,70,11203,11093,110,84,97,"Shiga",25,2018,12
"滋賀","2019-01-01",8175,8113,62,11124,11032,92,60,89,"Shiga",25,2019,1
"滋賀","2019-02-01",8188,8132,56,11131,11047,84,102,94,"Shiga",25,2019,2
"滋賀","2019-03-01",8217,8154,63,11175,11076,99,123,114,"Shiga",25,2019,3
"滋賀","2019-04-01",8190,8134,56,11093,11004,89,87,78,"Shiga",25,2019,4
"滋賀","2019-05-01",8202,8145,57,11073,10991,82,90,98,"Shiga",25,2019,5
"滋賀","2019-06-01",8199,8138,61,11062,10969,93,95,107,"Shiga",25,2019,6
"滋賀","2019-07-01",8201,8149,52,11072,10982,90,109,94,"Shiga",25,2019,7
"滋賀","2019-08-01",8202,8145,57,11063,10974,89,95,101,"Shiga",25,2019,8
"滋賀","2019-09-01",8189,8135,54,11040,10953,87,88,83,"Shiga",25,2019,9
"滋賀","2019-10-01",8197,8150,47,11026,10961,65,91,97,"Shiga",25,2019,10
"滋賀","2019-11-01",8188,8140,48,11000,10928,72,88,76,"Shiga",25,2019,11
"滋賀","2019-12-01",8207,8159,48,11024,10951,73,95,92,"Shiga",25,2019,12
"滋賀","2020-01-01",8188,8129,59,10990,10900,90,73,84,"Shiga",25,2020,1
"滋賀","2020-02-01",8198,8143,55,10992,10909,83,94,95,"Shiga",25,2020,2
"滋賀","2020-03-01",8221,8163,58,10995,10914,81,118,115,"Shiga",25,2020,3
"滋賀","2020-04-01",8243,8190,53,11006,10934,72,137,97,"Shiga",25,2020,4
"滋賀","2020-05-01",8238,8189,49,10972,10906,66,92,97,"Shiga",25,2020,5
"滋賀","2020-06-01",8233,8181,52,10950,10877,73,92,100,"Shiga",25,2020,6
"滋賀","2020-07-01",8214,8176,38,10903,10847,56,81,90,"Shiga",25,2020,7
"滋賀","2020-08-01",8207,8167,40,10871,10811,60,83,94,"Shiga",25,2020,8
"滋賀","2020-09-01",8212,8178,34,10889,10840,49,99,88,"Shiga",25,2020,9
"滋賀","2020-10-01",8223,8193,30,10903,10864,39,99,80,"Shiga",25,2020,10
"滋賀","2020-11-01",8242,8204,38,10921,10863,58,99,78,"Shiga",25,2020,11
"滋賀","2020-12-01",8252,8217,35,10922,10877,45,88,83,"Shiga",25,2020,12
"滋賀","2021-01-01",8260,8222,38,10910,10862,48,91,83,"Shiga",25,2021,1
"滋賀","2021-02-01",8268,8225,43,10915,10862,53,91,101,"Shiga",25,2021,2
"滋賀","2021-03-01",8276,8237,39,10920,10873,47,109,126,"Shiga",25,2021,3
"滋賀","2021-04-01",8265,8223,42,10855,10800,55,115,64,"Shiga",25,2021,4
"滋賀","2021-05-01",8292,8237,55,10872,10791,81,91,68,"Shiga",25,2021,5
"滋賀","2021-06-01",8322,8258,64,10905,10813,92,98,99,"Shiga",25,2021,6
"滋賀","2021-07-01",8337,8273,64,10908,10814,94,114,67,"Shiga",25,2021,7
"滋賀","2021-08-01",8352,8281,71,10916,10804,112,82,93,"Shiga",25,2021,8
"滋賀","2021-09-01",8374,8306,68,10926,10826,100,115,100,"Shiga",25,2021,9
"滋賀","2021-10-01",8358,8284,74,10897,10794,103,84,85,"Shiga",25,2021,10
"滋賀","2021-11-01",8409,8348,61,10953,10871,82,136,100,"Shiga",25,2021,11
"滋賀","2021-12-01",8398,8345,53,10939,10867,72,89,86,"Shiga",25,2021,12
"滋賀","2022-01-01",8379,8319,60,10914,10831,83,67,110,"Shiga",25,2022,1
"滋賀","2022-02-01",8367,8306,61,10898,10815,83,98,85,"Shiga",25,2022,2
"滋賀","2022-03-01",8382,8332,50,10913,10850,63,100,120,"Shiga",25,2022,3
"滋賀","2022-04-01",8345,8295,50,10826,10761,65,83,76,"Shiga",25,2022,4
"滋賀","2022-05-01",8387,8339,48,10878,10813,65,118,78,"Shiga",25,2022,5
"京都","2018-01-01",43074,42615,459,59087,58445,642,420,380,"Kyoto",26,2018,1
"京都","2018-02-01",43060,42600,460,59050,58408,642,368,423,"Kyoto",26,2018,2
"京都","2018-03-01",43053,42645,408,59035,58465,570,416,526,"Kyoto",26,2018,3
"京都","2018-04-01",42927,42509,418,58519,57942,577,400,432,"Kyoto",26,2018,4
"京都","2018-05-01",42928,42508,420,58448,57842,606,433,434,"Kyoto",26,2018,5
"京都","2018-06-01",42889,42424,465,58279,57624,655,395,419,"Kyoto",26,2018,6
"京都","2018-07-01",42910,42444,466,58292,57632,660,440,424,"Kyoto",26,2018,7
"京都","2018-08-01",42906,42451,455,58241,57579,662,420,456,"Kyoto",26,2018,8
"京都","2018-09-01",42788,42310,478,58058,57383,675,338,354,"Kyoto",26,2018,9
"京都","2018-10-01",42845,42360,485,58126,57443,683,411,470,"Kyoto",26,2018,10
"京都","2018-11-01",42805,42355,450,58010,57385,625,430,353,"Kyoto",26,2018,11
"京都","2018-12-01",42762,42304,458,57936,57311,625,310,399,"Kyoto",26,2018,12
"京都","2019-01-01",42815,42355,460,57989,57331,658,452,473,"Kyoto",26,2019,1
"京都","2019-02-01",42708,42226,482,57843,57141,702,366,427,"Kyoto",26,2019,2
"京都","2019-03-01",42686,42242,444,57832,57205,627,405,423,"Kyoto",26,2019,3
"京都","2019-04-01",42616,42186,430,57379,56746,633,353,411,"Kyoto",26,2019,4
"京都","2019-05-01",42618,42205,413,57268,56667,601,413,448,"Kyoto",26,2019,5
"京都","2019-06-01",42532,42065,467,57077,56397,680,362,428,"Kyoto",26,2019,6
"京都","2019-07-01",42529,42062,467,57054,56376,678,425,387,"Kyoto",26,2019,7
"京都","2019-08-01",42502,42012,490,56952,56242,710,360,452,"Kyoto",26,2019,8
"京都","2019-09-01",42458,41966,492,56877,56158,719,408,438,"Kyoto",26,2019,9
"京都","2019-10-01",42413,41931,482,56807,56097,710,393,435,"Kyoto",26,2019,10
"京都","2019-11-01",42378,41912,466,56679,55999,680,400,355,"Kyoto",26,2019,11
"京都","2019-12-01",42334,41875,459,56616,55941,675,311,410,"Kyoto",26,2019,12
"京都","2020-01-01",42235,41750,485,56515,55801,714,415,435,"Kyoto",26,2020,1
"京都","2020-02-01",42284,41786,498,56547,55822,725,380,389,"Kyoto",26,2020,2
"京都","2020-03-01",42339,41897,442,56610,55974,636,444,527,"Kyoto",26,2020,3
"京都","2020-04-01",42255,41817,438,56189,55567,622,443,430,"Kyoto",26,2020,4
"京都","2020-05-01",42237,41809,428,56050,55444,606,412,404,"Kyoto",26,2020,5
"京都","2020-06-01",42260,41819,441,55997,55363,634,427,426,"Kyoto",26,2020,6
"京都","2020-07-01",42201,41758,443,55875,55247,628,367,420,"Kyoto",26,2020,7
"京都","2020-08-01",42137,41678,459,55755,55109,646,356,417,"Kyoto",26,2020,8
"京都","2020-09-01",42110,41652,458,55685,55058,627,390,422,"Kyoto",26,2020,9
"京都","2020-10-01",42086,41652,434,55612,55012,600,398,459,"Kyoto",26,2020,10
"京都","2020-11-01",42062,41617,445,55578,54970,608,435,295,"Kyoto",26,2020,11
"京都","2020-12-01",42085,41637,448,55597,54972,625,318,386,"Kyoto",26,2020,12
"京都","2021-01-01",42136,41688,448,55605,54999,606,437,498,"Kyoto",26,2021,1
"京都","2021-02-01",42049,41599,450,55442,54818,624,411,392,"Kyoto",26,2021,2
"京都","2021-03-01",42096,41675,421,55536,54950,586,439,488,"Kyoto",26,2021,3
"京都","2021-04-01",41994,41571,423,55083,54510,573,386,405,"Kyoto",26,2021,4
"京都","2021-05-01",41984,41559,425,54980,54408,572,395,400,"Kyoto",26,2021,5
"京都","2021-06-01",41986,41551,435,54930,54336,594,402,400,"Kyoto",26,2021,6
"京都","2021-07-01",41985,41529,456,54815,54204,611,399,419,"Kyoto",26,2021,7
"京都","2021-08-01",41924,41470,454,54699,54107,592,358,436,"Kyoto",26,2021,8
"京都","2021-09-01",41933,41481,452,54698,54107,591,445,414,"Kyoto",26,2021,9
"京都","2021-10-01",41940,41502,438,54717,54148,569,420,406,"Kyoto",26,2021,10
"京都","2021-11-01",41932,41503,429,54675,54125,550,398,317,"Kyoto",26,2021,11
"京都","2021-12-01",41940,41477,463,54647,54051,596,326,409,"Kyoto",26,2021,12
"京都","2022-01-01",41897,41413,484,54586,53954,632,366,422,"Kyoto",26,2022,1
"京都","2022-02-01",41796,41306,490,54437,53778,659,321,390,"Kyoto",26,2022,2
"京都","2022-03-01",41764,41303,461,54412,53785,627,358,494,"Kyoto",26,2022,3
"京都","2022-04-01",41616,41131,485,53847,53209,638,346,401,"Kyoto",26,2022,4
"京都","2022-05-01",41620,41152,468,53797,53159,638,405,384,"Kyoto",26,2022,5
"大阪","2018-01-01",223122,222047,1075,288041,286610,1431,1953,2355,"Osaka",27,2018,1
"大阪","2018-02-01",222842,221781,1061,287437,286054,1383,2075,2363,"Osaka",27,2018,2
"大阪","2018-03-01",222875,221834,1041,287408,286060,1348,2396,2757,"Osaka",27,2018,3
"大阪","2018-04-01",222353,221350,1003,285939,284633,1306,2235,2292,"Osaka",27,2018,4
"大阪","2018-05-01",222585,221565,1020,285427,284110,1317,2524,2556,"Osaka",27,2018,5
"大阪","2018-06-01",222240,221128,1112,284545,283113,1432,2211,2207,"Osaka",27,2018,6
"大阪","2018-07-01",222517,221380,1137,284689,283214,1475,2484,2350,"Osaka",27,2018,7
"大阪","2018-08-01",222473,221316,1157,284476,282939,1537,2305,2566,"Osaka",27,2018,8
"大阪","2018-09-01",221973,220866,1107,283673,282199,1474,2066,2064,"Osaka",27,2018,9
"大阪","2018-10-01",222256,221202,1054,283900,282502,1398,2347,2521,"Osaka",27,2018,10
"大阪","2018-11-01",222055,221027,1028,283462,282118,1344,2319,2432,"Osaka",27,2018,11
"大阪","2018-12-01",221815,220821,994,283005,281715,1290,2192,2344,"Osaka",27,2018,12
"大阪","2019-01-01",221480,220466,1014,282512,281214,1298,2009,2389,"Osaka",27,2019,1
"大阪","2019-02-01",221112,220101,1011,281931,280606,1325,2021,2309,"Osaka",27,2019,2
"大阪","2019-03-01",221073,220071,1002,281816,280509,1307,2270,2604,"Osaka",27,2019,3
"大阪","2019-04-01",220770,219809,961,280653,279401,1252,2301,2213,"Osaka",27,2019,4
"大阪","2019-05-01",220693,219719,974,279864,278614,1250,2136,2356,"Osaka",27,2019,5
"大阪","2019-06-01",220513,219501,1012,279168,277855,1313,2177,2207,"Osaka",27,2019,6
"大阪","2019-07-01",220779,219770,1009,279235,277896,1339,2474,2348,"Osaka",27,2019,7
"大阪","2019-08-01",220625,219589,1036,278705,277351,1354,2194,2475,"Osaka",27,2019,8
"大阪","2019-09-01",220388,219351,1037,278207,276842,1365,2238,2207,"Osaka",27,2019,9
"大阪","2019-10-01",220523,219480,1043,278257,276890,1367,2342,2522,"Osaka",27,2019,10
"大阪","2019-11-01",220283,219319,964,277775,276496,1279,2282,2295,"Osaka",27,2019,11
"大阪","2019-12-01",220171,219246,925,277471,276255,1216,2183,2320,"Osaka",27,2019,12
"大阪","2020-01-01",219841,218950,891,276847,275675,1172,1990,2245,"Osaka",27,2020,1
"大阪","2020-02-01",219606,218742,864,276458,275313,1145,2010,2241,"Osaka",27,2020,2
"大阪","2020-03-01",219843,218991,852,276681,275559,1122,2478,2762,"Osaka",27,2020,3
"大阪","2020-04-01",219756,218962,794,275904,274866,1038,2675,2249,"Osaka",27,2020,4
"大阪","2020-05-01",219907,219125,782,275209,274190,1019,2400,2034,"Osaka",27,2020,5
"大阪","2020-06-01",219971,219184,787,274930,273886,1044,2097,2013,"Osaka",27,2020,6
"大阪","2020-07-01",220072,219277,795,274730,273693,1037,2114,2152,"Osaka",27,2020,7
"大阪","2020-08-01",219830,219011,819,274192,273138,1054,1910,2297,"Osaka",27,2020,8
"大阪","2020-09-01",219752,218940,812,273862,272822,1040,2219,2253,"Osaka",27,2020,9
"大阪","2020-10-01",219666,218859,807,273586,272539,1047,2167,2415,"Osaka",27,2020,10
"大阪","2020-11-01",219476,218653,823,273266,272212,1054,2225,2102,"Osaka",27,2020,11
"大阪","2020-12-01",219624,218777,847,273399,272332,1067,2250,2274,"Osaka",27,2020,12
"大阪","2021-01-01",219483,218613,870,273075,271982,1093,2133,2319,"Osaka",27,2021,1
"大阪","2021-02-01",219219,218366,853,272620,271537,1083,2056,2183,"Osaka",27,2021,2
"大阪","2021-03-01",219636,218794,842,273159,272085,1074,2600,2654,"Osaka",27,2021,3
"大阪","2021-04-01",219274,218453,821,272127,271097,1030,2292,2344,"Osaka",27,2021,4
"大阪","2021-05-01",218985,218149,836,271101,270057,1044,2054,2263,"Osaka",27,2021,5
"大阪","2021-06-01",218993,218130,863,270834,269715,1119,2271,2214,"Osaka",27,2021,6
"大阪","2021-07-01",219041,218187,854,270588,269484,1104,2313,2074,"Osaka",27,2021,7
"大阪","2021-08-01",219103,218223,880,270411,269270,1141,2136,2321,"Osaka",27,2021,8
"大阪","2021-09-01",219097,218253,844,270264,269186,1078,2315,2188,"Osaka",27,2021,9
"大阪","2021-10-01",219169,218352,817,270327,269281,1046,2259,2242,"Osaka",27,2021,10
"大阪","2021-11-01",219373,218561,812,270415,269394,1021,2446,2321,"Osaka",27,2021,11
"大阪","2021-12-01",219401,218616,785,270363,269386,977,2349,2273,"Osaka",27,2021,12
"大阪","2022-01-01",219188,218391,797,269977,268978,999,2060,2382,"Osaka",27,2022,1
"大阪","2022-02-01",218796,217985,811,269375,268353,1022,1990,2370,"Osaka",27,2022,2
"大阪","2022-03-01",218793,217973,820,269429,268407,1022,2367,2990,"Osaka",27,2022,3
"大阪","2022-04-01",218067,217251,816,267975,266963,1012,2264,2220,"Osaka",27,2022,4
"大阪","2022-05-01",218340,217497,843,267646,266610,1036,2493,2317,"Osaka",27,2022,5
"兵庫","2018-01-01",79094,78687,407,105716,105116,600,645,704,"Hyogo",28,2018,1
"兵庫","2018-02-01",79091,78681,410,105600,105001,599,701,778,"Hyogo",28,2018,2
"兵庫","2018-03-01",79091,78713,378,105542,104991,551,778,878,"Hyogo",28,2018,3
"兵庫","2018-04-01",78919,78556,363,104906,104389,517,706,696,"Hyogo",28,2018,4
"兵庫","2018-05-01",78996,78619,377,104803,104269,534,773,767,"Hyogo",28,2018,5
"兵庫","2018-06-01",78869,78459,410,104485,103873,612,640,630,"Hyogo",28,2018,6
"兵庫","2018-07-01",78980,78536,444,104535,103859,676,741,726,"Hyogo",28,2018,7
"兵庫","2018-08-01",79008,78558,450,104502,103820,682,754,824,"Hyogo",28,2018,8
"兵庫","2018-09-01",78820,78372,448,104195,103523,672,636,611,"Hyogo",28,2018,9
"兵庫","2018-10-01",78999,78583,416,104392,103771,621,790,811,"Hyogo",28,2018,10
"兵庫","2018-11-01",78927,78536,391,104215,103642,573,739,708,"Hyogo",28,2018,11
"兵庫","2018-12-01",78866,78458,408,104110,103502,608,647,729,"Hyogo",28,2018,12
"兵庫","2019-01-01",78736,78312,424,103931,103308,623,599,751,"Hyogo",28,2019,1
"兵庫","2019-02-01",78668,78233,435,103775,103131,644,683,772,"Hyogo",28,2019,2
"兵庫","2019-03-01",78583,78197,386,103664,103100,564,687,829,"Hyogo",28,2019,3
"兵庫","2019-04-01",78478,78096,382,103206,102630,576,724,655,"Hyogo",28,2019,4
"兵庫","2019-05-01",78500,78110,390,103007,102427,580,677,742,"Hyogo",28,2019,5
"兵庫","2019-06-01",78422,78012,410,102742,102137,605,665,703,"Hyogo",28,2019,6
"兵庫","2019-07-01",78519,78087,432,102810,102170,640,800,734,"Hyogo",28,2019,7
"兵庫","2019-08-01",78416,77994,422,102571,101935,636,631,733,"Hyogo",28,2019,8
"兵庫","2019-09-01",78340,77907,433,102420,101790,630,657,689,"Hyogo",28,2019,9
"兵庫","2019-10-01",78434,78031,403,102479,101895,584,783,723,"Hyogo",28,2019,10
"兵庫","2019-11-01",78400,78012,388,102301,101755,546,689,687,"Hyogo",28,2019,11
"兵庫","2019-12-01",78390,78003,387,102327,101779,548,677,740,"Hyogo",28,2019,12
"兵庫","2020-01-01",78288,77897,391,102139,101578,561,638,755,"Hyogo",28,2020,1
"兵庫","2020-02-01",78150,77729,421,101880,101276,604,617,704,"Hyogo",28,2020,2
"兵庫","2020-03-01",78234,77875,359,101941,101437,504,788,853,"Hyogo",28,2020,3
"兵庫","2020-04-01",78184,77835,349,101573,101103,470,805,664,"Hyogo",28,2020,4
"兵庫","2020-05-01",78205,77834,371,101359,100865,494,685,650,"Hyogo",28,2020,5
"兵庫","2020-06-01",78194,77835,359,101201,100714,487,639,678,"Hyogo",28,2020,6
"兵庫","2020-07-01",78159,77804,355,101070,100595,475,643,710,"Hyogo",28,2020,7
"兵庫","2020-08-01",78118,77763,355,100898,100420,478,669,714,"Hyogo",28,2020,8
"兵庫","2020-09-01",78076,77723,353,100799,100315,484,672,724,"Hyogo",28,2020,9
"兵庫","2020-10-01",78005,77670,335,100731,100262,469,653,766,"Hyogo",28,2020,10
"兵庫","2020-11-01",77962,77627,335,100649,100199,450,723,661,"Hyogo",28,2020,11
"兵庫","2020-12-01",77957,77640,317,100583,100158,425,656,660,"Hyogo",28,2020,12
"兵庫","2021-01-01",77976,77651,325,100568,100130,438,679,715,"Hyogo",28,2021,1
"兵庫","2021-02-01",77942,77630,312,100467,100054,413,681,662,"Hyogo",28,2021,2
"兵庫","2021-03-01",78100,77799,301,100648,100237,411,820,824,"Hyogo",28,2021,3
"兵庫","2021-04-01",77921,77587,334,100096,99655,441,645,691,"Hyogo",28,2021,4
"兵庫","2021-05-01",77875,77530,345,99839,99398,441,646,713,"Hyogo",28,2021,5
"兵庫","2021-06-01",77830,77471,359,99736,99266,470,668,708,"Hyogo",28,2021,6
"兵庫","2021-07-01",77769,77391,378,99593,99088,505,647,657,"Hyogo",28,2021,7
"兵庫","2021-08-01",77770,77400,370,99565,99054,511,658,632,"Hyogo",28,2021,8
"兵庫","2021-09-01",77870,77496,374,99677,99158,519,732,685,"Hyogo",28,2021,9
"兵庫","2021-10-01",77822,77452,370,99559,99074,485,637,668,"Hyogo",28,2021,10
"兵庫","2021-11-01",77906,77558,348,99656,99195,461,752,681,"Hyogo",28,2021,11
"兵庫","2021-12-01",77916,77568,348,99640,99183,457,691,717,"Hyogo",28,2021,12
"兵庫","2022-01-01",77869,77521,348,99543,99093,450,670,711,"Hyogo",28,2022,1
"兵庫","2022-02-01",77800,77436,364,99391,98924,467,642,732,"Hyogo",28,2022,2
"兵庫","2022-03-01",77785,77452,333,99420,98992,428,717,865,"Hyogo",28,2022,3
"兵庫","2022-04-01",77536,77215,321,98856,98445,411,616,693,"Hyogo",28,2022,4
"兵庫","2022-05-01",77518,77171,347,98629,98191,438,675,698,"Hyogo",28,2022,5
"奈良","2018-01-01",15061,14915,146,20462,20250,212,103,133,"Nara",29,2018,1
"奈良","2018-02-01",15056,14930,126,20456,20274,182,128,125,"Nara",29,2018,2
"奈良","2018-03-01",15071,14955,116,20494,20339,155,140,154,"Nara",29,2018,3
"奈良","2018-04-01",15037,14926,111,20341,20186,155,120,108,"Nara",29,2018,4
"奈良","2018-05-01",15037,14926,111,20311,20152,159,108,150,"Nara",29,2018,5
"奈良","2018-06-01",14991,14872,119,20231,20055,176,104,112,"Nara",29,2018,6
"奈良","2018-07-01",14998,14863,135,20241,20036,205,119,126,"Nara",29,2018,7
"奈良","2018-08-01",14978,14833,145,20195,19970,225,106,103,"Nara",29,2018,8
"奈良","2018-09-01",14976,14836,140,20171,19956,215,101,128,"Nara",29,2018,9
"奈良","2018-10-01",14973,14837,136,20184,19971,213,125,138,"Nara",29,2018,10
"奈良","2018-11-01",14952,14824,128,20163,19962,201,117,118,"Nara",29,2018,11
"奈良","2018-12-01",14925,14806,119,20116,19937,179,91,124,"Nara",29,2018,12
"奈良","2019-01-01",14900,14777,123,20071,19889,182,99,139,"Nara",29,2019,1
"奈良","2019-02-01",14849,14731,118,19982,19820,162,88,136,"Nara",29,2019,2
"奈良","2019-03-01",14820,14722,98,19945,19806,139,107,142,"Nara",29,2019,3
"奈良","2019-04-01",14793,14693,100,19835,19684,151,114,101,"Nara",29,2019,4
"奈良","2019-05-01",14778,14679,99,19799,19647,152,86,139,"Nara",29,2019,5
"奈良","2019-06-01",14746,14631,115,19731,19548,183,107,119,"Nara",29,2019,6
"奈良","2019-07-01",14737,14616,121,19722,19537,185,109,100,"Nara",29,2019,7
"奈良","2019-08-01",14723,14593,130,19686,19463,223,86,113,"Nara",29,2019,8
"奈良","2019-09-01",14696,14566,130,19640,19416,224,86,109,"Nara",29,2019,9
"奈良","2019-10-01",14683,14546,137,19621,19385,236,96,116,"Nara",29,2019,10
"奈良","2019-11-01",14677,14537,140,19586,19346,240,110,121,"Nara",29,2019,11
"奈良","2019-12-01",14667,14532,135,19548,19320,228,111,123,"Nara",29,2019,12
"奈良","2020-01-01",14624,14494,130,19473,19254,219,81,147,"Nara",29,2020,1
"奈良","2020-02-01",14567,14436,131,19368,19146,222,90,126,"Nara",29,2020,2
"奈良","2020-03-01",14544,14416,128,19341,19116,225,103,140,"Nara",29,2020,3
"奈良","2020-04-01",14550,14432,118,19197,18999,198,146,106,"Nara",29,2020,4
"奈良","2020-05-01",14542,14419,123,19135,18936,199,98,117,"Nara",29,2020,5
"奈良","2020-06-01",14492,14361,131,19035,18842,193,67,114,"Nara",29,2020,6
"奈良","2020-07-01",14464,14343,121,18971,18793,178,86,105,"Nara",29,2020,7
"奈良","2020-08-01",14438,14316,122,18910,18727,183,79,117,"Nara",29,2020,8
"奈良","2020-09-01",14416,14303,113,18883,18708,175,95,93,"Nara",29,2020,9
"奈良","2020-10-01",14426,14316,110,18870,18701,169,103,105,"Nara",29,2020,10
"奈良","2020-11-01",14422,14321,101,18847,18685,162,100,124,"Nara",29,2020,11
"奈良","2020-12-01",14429,14328,101,18844,18686,158,130,110,"Nara",29,2020,12
"奈良","2021-01-01",14406,14311,95,18800,18659,141,87,126,"Nara",29,2021,1
"奈良","2021-02-01",14404,14317,87,18793,18674,119,124,133,"Nara",29,2021,2
"奈良","2021-03-01",14405,14329,76,18786,18683,103,134,161,"Nara",29,2021,3
"奈良","2021-04-01",14350,14278,72,18615,18522,93,106,106,"Nara",29,2021,4
"奈良","2021-05-01",14337,14257,80,18590,18481,109,93,127,"Nara",29,2021,5
"奈良","2021-06-01",14310,14229,81,18533,18412,121,100,120,"Nara",29,2021,6
"奈良","2021-07-01",14289,14212,77,18488,18373,115,99,94,"Nara",29,2021,7
"奈良","2021-08-01",14302,14216,86,18481,18351,130,107,115,"Nara",29,2021,8
"奈良","2021-09-01",14285,14188,97,18460,18318,142,98,97,"Nara",29,2021,9
"奈良","2021-10-01",14299,14194,105,18471,18316,155,111,109,"Nara",29,2021,10
"奈良","2021-11-01",14306,14207,99,18466,18317,149,116,112,"Nara",29,2021,11
"奈良","2021-12-01",14310,14215,95,18450,18307,143,115,117,"Nara",29,2021,12
"奈良","2022-01-01",14289,14202,87,18424,18288,136,96,137,"Nara",29,2022,1
"奈良","2022-02-01",14243,14155,88,18326,18184,142,91,139,"Nara",29,2022,2
"奈良","2022-03-01",14210,14126,84,18278,18142,136,105,131,"Nara",29,2022,3
"奈良","2022-04-01",14179,14092,87,18176,18034,142,100,119,"Nara",29,2022,4
"奈良","2022-05-01",14165,14081,84,18144,18009,135,105,114,"Nara",29,2022,5
"和歌山","2018-01-01",12720,12674,46,15399,15341,58,118,124,"Wakayama",30,2018,1
"和歌山","2018-02-01",12706,12661,45,15407,15350,57,110,131,"Wakayama",30,2018,2
"和歌山","2018-03-01",12723,12674,49,15408,15348,60,148,156,"Wakayama",30,2018,3
"和歌山","2018-04-01",12678,12626,52,15335,15272,63,111,117,"Wakayama",30,2018,4
"和歌山","2018-05-01",12683,12629,54,15333,15268,65,122,116,"Wakayama",30,2018,5
"和歌山","2018-06-01",12669,12606,63,15285,15212,73,102,104,"Wakayama",30,2018,6
"和歌山","2018-07-01",12691,12636,55,15300,15238,62,126,113,"Wakayama",30,2018,7
"和歌山","2018-08-01",12701,12638,63,15327,15247,80,123,138,"Wakayama",30,2018,8
"和歌山","2018-09-01",12669,12608,61,15320,15241,79,105,105,"Wakayama",30,2018,9
"和歌山","2018-10-01",12673,12602,71,15328,15237,91,109,121,"Wakayama",30,2018,10
"和歌山","2018-11-01",12662,12594,68,15331,15243,88,110,140,"Wakayama",30,2018,11
"和歌山","2018-12-01",12637,12571,66,15316,15234,82,115,133,"Wakayama",30,2018,12
"和歌山","2019-01-01",12592,12524,68,15263,15171,92,88,153,"Wakayama",30,2019,1
"和歌山","2019-02-01",12527,12461,66,15201,15112,89,88,131,"Wakayama",30,2019,2
"和歌山","2019-03-01",12538,12471,67,15208,15114,94,142,148,"Wakayama",30,2019,3
"和歌山","2019-04-01",12487,12429,58,15111,15032,79,97,130,"Wakayama",30,2019,4
"和歌山","2019-05-01",12471,12416,55,15074,15003,71,114,123,"Wakayama",30,2019,5
"和歌山","2019-06-01",12449,12390,59,15062,14986,76,101,124,"Wakayama",30,2019,6
"和歌山","2019-07-01",12445,12390,55,15074,15001,73,120,139,"Wakayama",30,2019,7
"和歌山","2019-08-01",12412,12354,58,15038,14957,81,106,138,"Wakayama",30,2019,8
"和歌山","2019-09-01",12385,12325,60,14997,14919,78,111,128,"Wakayama",30,2019,9
"和歌山","2019-10-01",12367,12315,52,14992,14918,74,110,126,"Wakayama",30,2019,10
"和歌山","2019-11-01",12351,12300,51,14971,14895,76,110,117,"Wakayama",30,2019,11
"和歌山","2019-12-01",12333,12278,55,14955,14871,84,99,111,"Wakayama",30,2019,12
"和歌山","2020-01-01",12311,12259,52,14926,14854,72,89,161,"Wakayama",30,2020,1
"和歌山","2020-02-01",12270,12225,45,14863,14798,65,121,129,"Wakayama",30,2020,2
"和歌山","2020-03-01",12277,12226,51,14848,14775,73,136,161,"Wakayama",30,2020,3
"和歌山","2020-04-01",12238,12186,52,14791,14716,75,122,97,"Wakayama",30,2020,4
"和歌山","2020-05-01",12245,12195,50,14781,14712,69,104,97,"Wakayama",30,2020,5
"和歌山","2020-06-01",12232,12173,59,14748,14671,77,84,100,"Wakayama",30,2020,6
"和歌山","2020-07-01",12251,12194,57,14757,14684,73,119,120,"Wakayama",30,2020,7
"和歌山","2020-08-01",12226,12161,65,14703,14615,88,95,96,"Wakayama",30,2020,8
"和歌山","2020-09-01",12266,12206,60,14727,14657,70,136,116,"Wakayama",30,2020,9
"和歌山","2020-10-01",12254,12202,52,14708,14641,67,104,116,"Wakayama",30,2020,10
"和歌山","2020-11-01",12257,12205,52,14700,14632,68,119,97,"Wakayama",30,2020,11
"和歌山","2020-12-01",12289,12232,57,14738,14661,77,129,102,"Wakayama",30,2020,12
"和歌山","2021-01-01",12292,12236,56,14726,14647,79,105,146,"Wakayama",30,2021,1
"和歌山","2021-02-01",12251,12199,52,14662,14591,71,105,117,"Wakayama",30,2021,2
"和歌山","2021-03-01",12263,12221,42,14681,14620,61,129,150,"Wakayama",30,2021,3
"和歌山","2021-04-01",12213,12169,44,14577,14517,60,100,110,"Wakayama",30,2021,4
"和歌山","2021-05-01",12204,12159,45,14555,14499,56,101,95,"Wakayama",30,2021,5
"和歌山","2021-06-01",12234,12186,48,14566,14507,59,125,115,"Wakayama",30,2021,6
"和歌山","2021-07-01",12230,12185,45,14553,14496,57,111,103,"Wakayama",30,2021,7
"和歌山","2021-08-01",12238,12193,45,14568,14505,63,111,130,"Wakayama",30,2021,8
"和歌山","2021-09-01",12221,12178,43,14555,14494,61,113,118,"Wakayama",30,2021,9
"和歌山","2021-10-01",12215,12178,37,14546,14493,53,112,122,"Wakayama",30,2021,10
"和歌山","2021-11-01",12203,12161,42,14526,14466,60,110,112,"Wakayama",30,2021,11
"和歌山","2021-12-01",12187,12141,46,14500,14442,58,96,97,"Wakayama",30,2021,12
"和歌山","2022-01-01",12197,12140,57,14502,14431,71,107,129,"Wakayama",30,2022,1
"和歌山","2022-02-01",12164,12117,47,14453,14400,53,96,132,"Wakayama",30,2022,2
"和歌山","2022-03-01",12184,12142,42,14497,14448,49,152,157,"Wakayama",30,2022,3
"和歌山","2022-04-01",12109,12068,41,14368,14311,57,82,108,"Wakayama",30,2022,4
"和歌山","2022-05-01",12125,12086,39,14372,14318,54,124,98,"Wakayama",30,2022,5
"鳥取","2018-01-01",5544,5505,39,7257,7190,67,48,68,"Tottori",31,2018,1
"鳥取","2018-02-01",5529,5487,42,7243,7166,77,53,51,"Tottori",31,2018,2
"鳥取","2018-03-01",5552,5502,50,7275,7183,92,74,42,"Tottori",31,2018,3
"鳥取","2018-04-01",5563,5509,54,7273,7177,96,53,76,"Tottori",31,2018,4
"鳥取","2018-05-01",5553,5508,45,7250,7165,85,67,69,"Tottori",31,2018,5
"鳥取","2018-06-01",5552,5511,41,7237,7160,77,68,60,"Tottori",31,2018,6
"鳥取","2018-07-01",5560,5523,37,7238,7166,72,68,57,"Tottori",31,2018,7
"鳥取","2018-08-01",5565,5526,39,7219,7146,73,62,55,"Tottori",31,2018,8
"鳥取","2018-09-01",5556,5507,49,7191,7105,86,46,56,"Tottori",31,2018,9
"鳥取","2018-10-01",5555,5500,55,7178,7079,99,55,64,"Tottori",31,2018,10
"鳥取","2018-11-01",5557,5505,52,7174,7076,98,66,64,"Tottori",31,2018,11
"鳥取","2018-12-01",5559,5514,45,7175,7090,85,66,76,"Tottori",31,2018,12
"鳥取","2019-01-01",5543,5504,39,7151,7079,72,60,70,"Tottori",31,2019,1
"鳥取","2019-02-01",5532,5491,41,7131,7053,78,59,60,"Tottori",31,2019,2
"鳥取","2019-03-01",5532,5489,43,7122,7042,80,60,67,"Tottori",31,2019,3
"鳥取","2019-04-01",5529,5495,34,7083,7031,52,64,64,"Tottori",31,2019,4
"鳥取","2019-05-01",5520,5490,30,7065,7022,43,55,60,"Tottori",31,2019,5
"鳥取","2019-06-01",5524,5483,41,7076,7014,62,64,76,"Tottori",31,2019,6
"鳥取","2019-07-01",5507,5470,37,7036,6987,49,58,62,"Tottori",31,2019,7
"鳥取","2019-08-01",5491,5450,41,7008,6953,55,46,56,"Tottori",31,2019,8
"鳥取","2019-09-01",5493,5446,47,7006,6944,62,58,69,"Tottori",31,2019,9
"鳥取","2019-10-01",5482,5435,47,6989,6925,64,58,62,"Tottori",31,2019,10
"鳥取","2019-11-01",5473,5431,42,6956,6887,69,53,63,"Tottori",31,2019,11
"鳥取","2019-12-01",5449,5410,39,6930,6866,64,52,59,"Tottori",31,2019,12
"鳥取","2020-01-01",5442,5407,35,6903,6845,58,41,56,"Tottori",31,2020,1
"鳥取","2020-02-01",5434,5400,34,6895,6843,52,48,48,"Tottori",31,2020,2
"鳥取","2020-03-01",5446,5415,31,6904,6863,41,60,83,"Tottori",31,2020,3
"鳥取","2020-04-01",5423,5397,26,6851,6822,29,60,52,"Tottori",31,2020,4
"鳥取","2020-05-01",5420,5386,34,6832,6792,40,49,56,"Tottori",31,2020,5
"鳥取","2020-06-01",5394,5367,27,6785,6754,31,30,64,"Tottori",31,2020,6
"鳥取","2020-07-01",5383,5347,36,6757,6714,43,52,69,"Tottori",31,2020,7
"鳥取","2020-08-01",5364,5325,39,6737,6691,46,50,69,"Tottori",31,2020,8
"鳥取","2020-09-01",5335,5300,35,6704,6662,42,40,56,"Tottori",31,2020,9
"鳥取","2020-10-01",5332,5293,39,6689,6644,45,54,66,"Tottori",31,2020,10
"鳥取","2020-11-01",5321,5288,33,6667,6631,36,54,46,"Tottori",31,2020,11
"鳥取","2020-12-01",5320,5292,28,6662,6632,30,45,59,"Tottori",31,2020,12
"鳥取","2021-01-01",5308,5283,25,6649,6621,28,47,66,"Tottori",31,2021,1
"鳥取","2021-02-01",5296,5272,24,6639,6608,31,54,54,"Tottori",31,2021,2
"鳥取","2021-03-01",5310,5290,20,6657,6629,28,68,90,"Tottori",31,2021,3
"鳥取","2021-04-01",5283,5260,23,6601,6575,26,63,47,"Tottori",31,2021,4
"鳥取","2021-05-01",5282,5255,27,6581,6543,38,46,56,"Tottori",31,2021,5
"鳥取","2021-06-01",5288,5263,25,6583,6550,33,62,58,"Tottori",31,2021,6
"鳥取","2021-07-01",5294,5260,34,6567,6523,44,64,42,"Tottori",31,2021,7
"鳥取","2021-08-01",5316,5283,33,6597,6549,48,64,62,"Tottori",31,2021,8
"鳥取","2021-09-01",5311,5274,37,6593,6544,49,57,59,"Tottori",31,2021,9
"鳥取","2021-10-01",5305,5265,40,6590,6540,50,54,60,"Tottori",31,2021,10
"鳥取","2021-11-01",5291,5256,35,6577,6533,44,46,40,"Tottori",31,2021,11
"鳥取","2021-12-01",5314,5280,34,6594,6551,43,63,60,"Tottori",31,2021,12
"鳥取","2022-01-01",5301,5270,31,6580,6539,41,47,49,"Tottori",31,2022,1
"鳥取","2022-02-01",5303,5271,32,6567,6525,42,51,54,"Tottori",31,2022,2
"鳥取","2022-03-01",5301,5265,36,6570,6522,48,52,67,"Tottori",31,2022,3
"鳥取","2022-04-01",5280,5247,33,6530,6481,49,46,58,"Tottori",31,2022,4
"鳥取","2022-05-01",5261,5231,30,6490,6451,39,38,42,"Tottori",31,2022,5
"島根","2018-01-01",4627,4606,21,5899,5868,31,61,54,"Shimane",32,2018,1
"島根","2018-02-01",4613,4597,16,5875,5853,22,40,48,"Shimane",32,2018,2
"島根","2018-03-01",4633,4613,20,5908,5887,21,68,85,"Shimane",32,2018,3
"島根","2018-04-01",4582,4565,17,5822,5799,23,34,56,"Shimane",32,2018,4
"島根","2018-05-01",4574,4552,22,5817,5788,29,48,58,"Shimane",32,2018,5
"島根","2018-06-01",4565,4543,22,5814,5779,35,49,54,"Shimane",32,2018,6
"島根","2018-07-01",4556,4535,21,5803,5769,34,45,64,"Shimane",32,2018,7
"島根","2018-08-01",4541,4519,22,5788,5753,35,49,60,"Shimane",32,2018,8
"島根","2018-09-01",4525,4505,20,5756,5726,30,44,50,"Shimane",32,2018,9
"島根","2018-10-01",4521,4506,15,5729,5710,19,46,59,"Shimane",32,2018,10
"島根","2018-11-01",4521,4500,21,5726,5701,25,59,51,"Shimane",32,2018,11
"島根","2018-12-01",4517,4496,21,5728,5701,27,47,58,"Shimane",32,2018,12
"島根","2019-01-01",4509,4491,18,5730,5702,28,50,64,"Shimane",32,2019,1
"島根","2019-02-01",4490,4482,8,5727,5717,10,45,39,"Shimane",32,2019,2
"島根","2019-03-01",4506,4496,10,5738,5722,16,55,55,"Shimane",32,2019,3
"島根","2019-04-01",4506,4492,14,5721,5696,25,55,52,"Shimane",32,2019,4
"島根","2019-05-01",4524,4513,11,5747,5724,23,70,59,"Shimane",32,2019,5
"島根","2019-06-01",4516,4502,14,5729,5703,26,51,57,"Shimane",32,2019,6
"島根","2019-07-01",4519,4504,15,5704,5678,26,60,52,"Shimane",32,2019,7
"島根","2019-08-01",4500,4479,21,5665,5629,36,33,40,"Shimane",32,2019,8
"島根","2019-09-01",4503,4484,19,5678,5647,31,43,47,"Shimane",32,2019,9
"島根","2019-10-01",4495,4475,20,5657,5629,28,39,48,"Shimane",32,2019,10
"島根","2019-11-01",4501,4493,8,5657,5647,10,54,51,"Shimane",32,2019,11
"島根","2019-12-01",4478,4457,21,5628,5601,27,28,56,"Shimane",32,2019,12
"島根","2020-01-01",4467,4450,17,5616,5595,21,45,51,"Shimane",32,2020,1
"島根","2020-02-01",4451,4431,20,5587,5567,20,35,46,"Shimane",32,2020,2
"島根","2020-03-01",4462,4446,16,5604,5586,18,57,66,"Shimane",32,2020,3
"島根","2020-04-01",4459,4447,12,5604,5590,14,62,53,"Shimane",32,2020,4
"島根","2020-05-01",4458,4445,13,5591,5575,16,52,53,"Shimane",32,2020,5
"島根","2020-06-01",4436,4422,14,5557,5543,14,31,38,"Shimane",32,2020,6
"島根","2020-07-01",4442,4426,16,5564,5548,16,44,52,"Shimane",32,2020,7
"島根","2020-08-01",4429,4415,14,5548,5534,14,38,47,"Shimane",32,2020,8
"島根","2020-09-01",4426,4410,16,5535,5514,21,44,40,"Shimane",32,2020,9
"島根","2020-10-01",4435,4417,18,5539,5519,20,49,57,"Shimane",32,2020,10
"島根","2020-11-01",4433,4418,15,5537,5522,15,55,47,"Shimane",32,2020,11
"島根","2020-12-01",4436,4420,16,5534,5518,16,50,47,"Shimane",32,2020,12
"島根","2021-01-01",4441,4425,16,5533,5514,19,52,46,"Shimane",32,2021,1
"島根","2021-02-01",4442,4430,12,5530,5513,17,47,45,"Shimane",32,2021,2
"島根","2021-03-01",4457,4446,11,5540,5527,13,60,77,"Shimane",32,2021,3
"島根","2021-04-01",4435,4419,16,5495,5474,21,55,39,"Shimane",32,2021,4
"島根","2021-05-01",4435,4419,16,5486,5464,22,39,50,"Shimane",32,2021,5
"島根","2021-06-01",4430,4414,16,5473,5448,25,45,43,"Shimane",32,2021,6
"島根","2021-07-01",4434,4413,21,5487,5456,31,47,55,"Shimane",32,2021,7
"島根","2021-08-01",4417,4394,23,5476,5443,33,38,63,"Shimane",32,2021,8
"島根","2021-09-01",4417,4385,32,5475,5430,45,63,47,"Shimane",32,2021,9
"島根","2021-10-01",4402,4376,26,5450,5415,35,32,38,"Shimane",32,2021,10
"島根","2021-11-01",4405,4383,22,5454,5428,26,41,37,"Shimane",32,2021,11
"島根","2021-12-01",4429,4407,22,5478,5451,27,61,49,"Shimane",32,2021,12
"島根","2022-01-01",4418,4400,18,5471,5451,20,38,64,"Shimane",32,2022,1
"島根","2022-02-01",4395,4380,15,5437,5421,16,41,52,"Shimane",32,2022,2
"島根","2022-03-01",4397,4380,17,5442,5424,18,54,72,"Shimane",32,2022,3
"島根","2022-04-01",4378,4364,14,5393,5375,18,53,38,"Shimane",32,2022,4
"島根","2022-05-01",4385,4370,15,5380,5360,20,45,54,"Shimane",32,2022,5
"岡山","2018-01-01",19181,19103,78,25681,25576,105,210,233,"Okayama",33,2018,1
"岡山","2018-02-01",19141,19065,76,25593,25492,101,193,218,"Okayama",33,2018,2
"岡山","2018-03-01",19141,19062,79,25595,25499,96,218,229,"Okayama",33,2018,3
"岡山","2018-04-01",19096,19015,81,25483,25381,102,184,176,"Okayama",33,2018,4
"岡山","2018-05-01",19123,19044,79,25461,25365,96,203,208,"Okayama",33,2018,5
"岡山","2018-06-01",19122,19036,86,25377,25265,112,207,231,"Okayama",33,2018,6
"岡山","2018-07-01",19080,18987,93,25288,25160,128,188,188,"Okayama",33,2018,7
"岡山","2018-08-01",19100,19009,91,25296,25169,127,208,206,"Okayama",33,2018,8
"岡山","2018-09-01",19094,18990,104,25238,25097,141,200,202,"Okayama",33,2018,9
"岡山","2018-10-01",19106,19015,91,25258,25138,120,214,245,"Okayama",33,2018,10
"岡山","2018-11-01",19048,18969,79,25186,25085,101,187,219,"Okayama",33,2018,11
"岡山","2018-12-01",19032,18952,80,25165,25055,110,203,207,"Okayama",33,2018,12
"岡山","2019-01-01",18991,18908,83,25119,24995,124,166,215,"Okayama",33,2019,1
"岡山","2019-02-01",18978,18893,85,25048,24938,110,202,227,"Okayama",33,2019,2
"岡山","2019-03-01",18953,18882,71,25013,24921,92,203,249,"Okayama",33,2019,3
"岡山","2019-04-01",18907,18842,65,24896,24813,83,203,197,"Okayama",33,2019,4
"岡山","2019-05-01",18883,18826,57,24805,24736,69,173,190,"Okayama",33,2019,5
"岡山","2019-06-01",18881,18818,63,24768,24692,76,188,219,"Okayama",33,2019,6
"岡山","2019-07-01",18885,18819,66,24768,24690,78,223,160,"Okayama",33,2019,7
"岡山","2019-08-01",18903,18821,82,24785,24684,101,178,211,"Okayama",33,2019,8
"岡山","2019-09-01",18881,18792,89,24743,24627,116,189,203,"Okayama",33,2019,9
"岡山","2019-10-01",18869,18788,81,24711,24607,104,191,206,"Okayama",33,2019,10
"岡山","2019-11-01",18873,18792,81,24704,24600,104,210,183,"Okayama",33,2019,11
"岡山","2019-12-01",18908,18833,75,24722,24635,87,218,201,"Okayama",33,2019,12
"岡山","2020-01-01",18875,18801,74,24654,24568,86,168,223,"Okayama",33,2020,1
"岡山","2020-02-01",18805,18739,66,24540,24456,84,153,212,"Okayama",33,2020,2
"岡山","2020-03-01",18831,18768,63,24567,24481,86,238,263,"Okayama",33,2020,3
"岡山","2020-04-01",18824,18757,67,24512,24418,94,256,212,"Okayama",33,2020,4
"岡山","2020-05-01",18799,18736,63,24440,24355,85,187,196,"Okayama",33,2020,5
"岡山","2020-06-01",18766,18705,61,24343,24258,85,163,208,"Okayama",33,2020,6
"岡山","2020-07-01",18727,18668,59,24270,24189,81,169,205,"Okayama",33,2020,7
"岡山","2020-08-01",18676,18621,55,24185,24113,72,154,229,"Okayama",33,2020,8
"岡山","2020-09-01",18666,18611,55,24115,24042,73,219,183,"Okayama",33,2020,9
"岡山","2020-10-01",18664,18612,52,24115,24044,71,181,206,"Okayama",33,2020,10
"岡山","2020-11-01",18643,18589,54,24079,24006,73,185,199,"Okayama",33,2020,11
"岡山","2020-12-01",18628,18574,54,24074,23998,76,184,193,"Okayama",33,2020,12
"岡山","2021-01-01",18590,18538,52,24006,23933,73,155,197,"Okayama",33,2021,1
"岡山","2021-02-01",18594,18542,52,23991,23925,66,201,207,"Okayama",33,2021,2
"岡山","2021-03-01",18632,18576,56,24013,23943,70,246,239,"Okayama",33,2021,3
"岡山","2021-04-01",18597,18547,50,23904,23841,63,204,190,"Okayama",33,2021,4
"岡山","2021-05-01",18599,18539,60,23865,23792,73,192,223,"Okayama",33,2021,5
"岡山","2021-06-01",18597,18538,59,23814,23748,66,221,208,"Okayama",33,2021,6
"岡山","2021-07-01",18598,18533,65,23802,23729,73,209,195,"Okayama",33,2021,7
"岡山","2021-08-01",18612,18541,71,23832,23746,86,209,206,"Okayama",33,2021,8
"岡山","2021-09-01",18632,18553,79,23806,23706,100,226,217,"Okayama",33,2021,9
"岡山","2021-10-01",18598,18520,78,23760,23657,103,183,234,"Okayama",33,2021,10
"岡山","2021-11-01",18551,18467,84,23681,23566,115,187,191,"Okayama",33,2021,11
"岡山","2021-12-01",18575,18491,84,23705,23593,112,215,222,"Okayama",33,2021,12
"岡山","2022-01-01",18557,18480,77,23677,23570,107,204,197,"Okayama",33,2022,1
"岡山","2022-02-01",18535,18451,84,23625,23515,110,175,213,"Okayama",33,2022,2
"岡山","2022-03-01",18556,18476,80,23672,23567,105,234,250,"Okayama",33,2022,3
"岡山","2022-04-01",18501,18418,83,23568,23457,111,195,153,"Okayama",33,2022,4
"岡山","2022-05-01",18526,18442,84,23581,23471,110,178,191,"Okayama",33,2022,5
"広島","2018-01-01",32752,32599,153,43536,43318,218,278,393,"Hiroshima",34,2018,1
"広島","2018-02-01",32629,32469,160,43369,43151,218,270,380,"Hiroshima",34,2018,2
"広島","2018-03-01",32579,32432,147,43320,43131,189,331,450,"Hiroshima",34,2018,3
"広島","2018-04-01",32434,32305,129,42942,42774,168,305,317,"Hiroshima",34,2018,4
"広島","2018-05-01",32457,32312,145,42929,42740,189,340,412,"Hiroshima",34,2018,5
"広島","2018-06-01",32357,32212,145,42721,42525,196,312,338,"Hiroshima",34,2018,6
"広島","2018-07-01",32322,32159,163,42626,42409,217,303,344,"Hiroshima",34,2018,7
"広島","2018-08-01",32279,32108,171,42549,42318,231,305,372,"Hiroshima",34,2018,8
"広島","2018-09-01",32204,32043,161,42439,42225,214,297,306,"Hiroshima",34,2018,9
"広島","2018-10-01",32234,32089,145,42476,42282,194,336,423,"Hiroshima",34,2018,10
"広島","2018-11-01",32151,32002,149,42335,42146,189,340,332,"Hiroshima",34,2018,11
"広島","2018-12-01",32129,31972,157,42357,42152,205,310,335,"Hiroshima",34,2018,12
"広島","2019-01-01",32059,31888,171,42209,41977,232,265,348,"Hiroshima",34,2019,1
"広島","2019-02-01",31993,31827,166,42072,41861,211,282,341,"Hiroshima",34,2019,2
"広島","2019-03-01",32005,31837,168,42068,41848,220,353,411,"Hiroshima",34,2019,3
"広島","2019-04-01",31928,31773,155,41734,41527,207,334,308,"Hiroshima",34,2019,4
"広島","2019-05-01",31920,31761,159,41643,41434,209,300,314,"Hiroshima",34,2019,5
"広島","2019-06-01",31879,31731,148,41580,41367,213,273,325,"Hiroshima",34,2019,6
"広島","2019-07-01",31896,31760,136,41608,41406,202,342,314,"Hiroshima",34,2019,7
"広島","2019-08-01",31874,31735,139,41563,41362,201,292,317,"Hiroshima",34,2019,8
"広島","2019-09-01",31847,31705,142,41512,41307,205,290,294,"Hiroshima",34,2019,9
"広島","2019-10-01",31910,31768,142,41567,41356,211,358,311,"Hiroshima",34,2019,10
"広島","2019-11-01",31886,31759,127,41510,41311,199,287,349,"Hiroshima",34,2019,11
"広島","2019-12-01",31872,31750,122,41458,41272,186,336,316,"Hiroshima",34,2019,12
"広島","2020-01-01",31802,31678,124,41331,41158,173,246,388,"Hiroshima",34,2020,1
"広島","2020-02-01",31660,31526,134,41116,40924,192,246,290,"Hiroshima",34,2020,2
"広島","2020-03-01",31734,31586,148,41194,40987,207,364,391,"Hiroshima",34,2020,3
"広島","2020-04-01",31696,31551,145,41016,40816,200,353,330,"Hiroshima",34,2020,4
"広島","2020-05-01",31680,31515,165,40931,40704,227,314,316,"Hiroshima",34,2020,5
"広島","2020-06-01",31646,31506,140,40845,40646,199,282,305,"Hiroshima",34,2020,6
"広島","2020-07-01",31606,31462,144,40737,40530,207,265,302,"Hiroshima",34,2020,7
"広島","2020-08-01",31550,31396,154,40601,40389,212,246,288,"Hiroshima",34,2020,8
"広島","2020-09-01",31553,31405,148,40571,40366,205,291,285,"Hiroshima",34,2020,9
"広島","2020-10-01",31562,31406,156,40528,40316,212,294,359,"Hiroshima",34,2020,10
"広島","2020-11-01",31529,31384,145,40468,40273,195,326,315,"Hiroshima",34,2020,11
"広島","2020-12-01",31551,31424,127,40473,40309,164,337,299,"Hiroshima",34,2020,12
"広島","2021-01-01",31520,31390,130,40423,40246,177,268,306,"Hiroshima",34,2021,1
"広島","2021-02-01",31521,31386,135,40411,40235,176,307,283,"Hiroshima",34,2021,2
"広島","2021-03-01",31641,31510,131,40533,40369,164,403,407,"Hiroshima",34,2021,3
"広島","2021-04-01",31593,31460,133,40317,40143,174,359,294,"Hiroshima",34,2021,4
"広島","2021-05-01",31572,31444,128,40269,40104,165,273,330,"Hiroshima",34,2021,5
"広島","2021-06-01",31548,31411,137,40196,40023,173,306,318,"Hiroshima",34,2021,6
"広島","2021-07-01",31565,31420,145,40234,40052,182,335,294,"Hiroshima",34,2021,7
"広島","2021-08-01",31553,31409,144,40199,40003,196,281,314,"Hiroshima",34,2021,8
"広島","2021-09-01",31588,31450,138,40241,40053,188,349,303,"Hiroshima",34,2021,9
"広島","2021-10-01",31581,31429,152,40207,40019,188,296,314,"Hiroshima",34,2021,10
"広島","2021-11-01",31581,31438,143,40179,39998,181,314,325,"Hiroshima",34,2021,11
"広島","2021-12-01",31614,31469,145,40228,40042,186,358,353,"Hiroshima",34,2021,12
"広島","2022-01-01",31540,31399,141,40090,39904,186,279,334,"Hiroshima",34,2022,1
"広島","2022-02-01",31469,31314,155,39976,39764,212,263,343,"Hiroshima",34,2022,2
"広島","2022-03-01",31456,31309,147,39948,39750,198,330,353,"Hiroshima",34,2022,3
"広島","2022-04-01",31391,31240,151,39737,39544,193,288,287,"Hiroshima",34,2022,4
"広島","2022-05-01",31425,31278,147,39745,39558,187,321,352,"Hiroshima",34,2022,5
"山口","2018-01-01",12271,12204,67,15384,15299,85,85,119,"Yamaguchi",35,2018,1
"山口","2018-02-01",12257,12199,58,15361,15276,85,105,140,"Yamaguchi",35,2018,2
"山口","2018-03-01",12211,12162,49,15273,15201,72,94,142,"Yamaguchi",35,2018,3
"山口","2018-04-01",12173,12122,51,15172,15097,75,104,89,"Yamaguchi",35,2018,4
"山口","2018-05-01",12193,12145,48,15168,15094,74,109,139,"Yamaguchi",35,2018,5
"山口","2018-06-01",12127,12069,58,15054,14967,87,73,133,"Yamaguchi",35,2018,6
"山口","2018-07-01",12099,12038,61,14993,14905,88,105,117,"Yamaguchi",35,2018,7
"山口","2018-08-01",12089,12029,60,14979,14888,91,107,131,"Yamaguchi",35,2018,8
"山口","2018-09-01",12050,11981,69,14920,14830,90,92,108,"Yamaguchi",35,2018,9
"山口","2018-10-01",12053,11981,72,14918,14831,87,111,126,"Yamaguchi",35,2018,10
"山口","2018-11-01",12048,11980,68,14912,14828,84,121,104,"Yamaguchi",35,2018,11
"山口","2018-12-01",12021,11956,65,14872,14795,77,77,106,"Yamaguchi",35,2018,12
"山口","2019-01-01",12008,11938,70,14852,14768,84,93,135,"Yamaguchi",35,2019,1
"山口","2019-02-01",11974,11902,72,14812,14726,86,101,120,"Yamaguchi",35,2019,2
"山口","2019-03-01",11968,11904,64,14814,14735,79,114,130,"Yamaguchi",35,2019,3
"山口","2019-04-01",11944,11885,59,14761,14688,73,106,120,"Yamaguchi",35,2019,4
"山口","2019-05-01",11917,11863,54,14717,14648,69,93,144,"Yamaguchi",35,2019,5
"山口","2019-06-01",11873,11805,68,14635,14554,81,100,104,"Yamaguchi",35,2019,6
"山口","2019-07-01",11890,11819,71,14657,14567,90,121,112,"Yamaguchi",35,2019,7
"山口","2019-08-01",11872,11796,76,14627,14530,97,94,130,"Yamaguchi",35,2019,8
"山口","2019-09-01",11832,11754,78,14552,14452,100,90,137,"Yamaguchi",35,2019,9
"山口","2019-10-01",11812,11748,64,14520,14441,79,117,134,"Yamaguchi",35,2019,10
"山口","2019-11-01",11779,11720,59,14465,14387,78,101,128,"Yamaguchi",35,2019,11
"山口","2019-12-01",11747,11690,57,14425,14351,74,96,124,"Yamaguchi",35,2019,12
"山口","2020-01-01",11700,11632,68,14366,14287,79,77,129,"Yamaguchi",35,2020,1
"山口","2020-02-01",11654,11588,66,14288,14208,80,83,129,"Yamaguchi",35,2020,2
"山口","2020-03-01",11641,11588,53,14263,14196,67,116,141,"Yamaguchi",35,2020,3
"山口","2020-04-01",11599,11548,51,14173,14109,64,99,107,"Yamaguchi",35,2020,4
"山口","2020-05-01",11566,11514,52,14119,14056,63,74,119,"Yamaguchi",35,2020,5
"山口","2020-06-01",11516,11462,54,14040,13974,66,69,110,"Yamaguchi",35,2020,6
"山口","2020-07-01",11514,11466,48,14014,13955,59,108,109,"Yamaguchi",35,2020,7
"山口","2020-08-01",11489,11443,46,13977,13923,54,84,107,"Yamaguchi",35,2020,8
"山口","2020-09-01",11496,11448,48,13991,13938,53,114,117,"Yamaguchi",35,2020,9
"山口","2020-10-01",11481,11441,40,13965,13918,47,102,108,"Yamaguchi",35,2020,10
"山口","2020-11-01",11487,11435,52,13971,13909,62,114,112,"Yamaguchi",35,2020,11
"山口","2020-12-01",11480,11424,56,13959,13892,67,105,120,"Yamaguchi",35,2020,12
"山口","2021-01-01",11440,11377,63,13912,13837,75,80,112,"Yamaguchi",35,2021,1
"山口","2021-02-01",11433,11370,63,13891,13816,75,105,119,"Yamaguchi",35,2021,2
"山口","2021-03-01",11455,11393,62,13945,13874,71,141,144,"Yamaguchi",35,2021,3
"山口","2021-04-01",11427,11364,63,13872,13801,71,116,121,"Yamaguchi",35,2021,4
"山口","2021-05-01",11389,11326,63,13804,13733,71,83,113,"Yamaguchi",35,2021,5
"山口","2021-06-01",11372,11319,53,13768,13709,59,96,101,"Yamaguchi",35,2021,6
"山口","2021-07-01",11389,11325,64,13790,13721,69,118,82,"Yamaguchi",35,2021,7
"山口","2021-08-01",11405,11347,58,13811,13747,64,98,132,"Yamaguchi",35,2021,8
"山口","2021-09-01",11392,11328,64,13804,13730,74,119,97,"Yamaguchi",35,2021,9
"山口","2021-10-01",11378,11314,64,13767,13694,73,83,116,"Yamaguchi",35,2021,10
"山口","2021-11-01",11388,11329,59,13776,13708,68,126,114,"Yamaguchi",35,2021,11
"山口","2021-12-01",11370,11316,54,13737,13672,65,96,127,"Yamaguchi",35,2021,12
"山口","2022-01-01",11338,11288,50,13703,13633,70,95,129,"Yamaguchi",35,2022,1
"山口","2022-02-01",11320,11268,52,13688,13622,66,111,108,"Yamaguchi",35,2022,2
"山口","2022-03-01",11316,11268,48,13699,13639,60,104,149,"Yamaguchi",35,2022,3
"山口","2022-04-01",11252,11202,50,13578,13518,60,85,87,"Yamaguchi",35,2022,4
"山口","2022-05-01",11284,11234,50,13599,13536,63,119,117,"Yamaguchi",35,2022,5
"徳島","2018-01-01",10671,10635,36,13710,13653,57,50,113,"Tokushima",36,2018,1
"徳島","2018-02-01",10645,10613,32,13677,13620,57,87,102,"Tokushima",36,2018,2
"徳島","2018-03-01",10626,10594,32,13650,13600,50,83,97,"Tokushima",36,2018,3
"徳島","2018-04-01",10604,10568,36,13569,13511,58,75,93,"Tokushima",36,2018,4
"徳島","2018-05-01",10601,10570,31,13531,13486,45,90,95,"Tokushima",36,2018,5
"徳島","2018-06-01",10583,10552,31,13492,13449,43,77,89,"Tokushima",36,2018,6
"徳島","2018-07-01",10587,10557,30,13508,13471,37,93,88,"Tokushima",36,2018,7
"徳島","2018-08-01",10580,10543,37,13472,13427,45,81,87,"Tokushima",36,2018,8
"徳島","2018-09-01",10556,10513,43,13438,13382,56,63,71,"Tokushima",36,2018,9
"徳島","2018-10-01",10574,10531,43,13457,13397,60,89,83,"Tokushima",36,2018,10
"徳島","2018-11-01",10569,10529,40,13445,13392,53,78,85,"Tokushima",36,2018,11
"徳島","2018-12-01",10576,10535,41,13452,13398,54,92,81,"Tokushima",36,2018,12
"徳島","2019-01-01",10549,10512,37,13402,13350,52,54,104,"Tokushima",36,2019,1
"徳島","2019-02-01",10520,10483,37,13348,13299,49,75,84,"Tokushima",36,2019,2
"徳島","2019-03-01",10511,10472,39,13330,13280,50,75,118,"Tokushima",36,2019,3
"徳島","2019-04-01",10468,10435,33,13217,13178,39,75,80,"Tokushima",36,2019,4
"徳島","2019-05-01",10457,10416,41,13180,13129,51,69,80,"Tokushima",36,2019,5
"徳島","2019-06-01",10469,10429,40,13165,13114,51,92,76,"Tokushima",36,2019,6
"徳島","2019-07-01",10467,10426,41,13145,13093,52,74,100,"Tokushima",36,2019,7
"徳島","2019-08-01",10417,10380,37,13077,13029,48,50,73,"Tokushima",36,2019,8
"徳島","2019-09-01",10408,10368,40,13043,12993,50,64,79,"Tokushima",36,2019,9
"徳島","2019-10-01",10417,10376,41,13036,12982,54,88,90,"Tokushima",36,2019,10
"徳島","2019-11-01",10424,10388,36,13036,12988,48,97,85,"Tokushima",36,2019,11
"徳島","2019-12-01",10420,10382,38,13024,12973,51,81,73,"Tokushima",36,2019,12
"徳島","2020-01-01",10405,10367,38,13007,12960,47,58,83,"Tokushima",36,2020,1
"徳島","2020-02-01",10413,10368,45,13019,12964,55,91,86,"Tokushima",36,2020,2
"徳島","2020-03-01",10412,10371,41,13020,12970,50,85,111,"Tokushima",36,2020,3
"徳島","2020-04-01",10389,10343,46,12956,12899,57,88,64,"Tokushima",36,2020,4
"徳島","2020-05-01",10391,10347,44,12934,12875,59,66,70,"Tokushima",36,2020,5
"徳島","2020-06-01",10390,10340,50,12924,12860,64,69,76,"Tokushima",36,2020,6
"徳島","2020-07-01",10397,10354,43,12931,12876,55,83,79,"Tokushima",36,2020,7
"徳島","2020-08-01",10387,10345,42,12902,12845,57,69,80,"Tokushima",36,2020,8
"徳島","2020-09-01",10386,10343,43,12895,12839,56,79,61,"Tokushima",36,2020,9
"徳島","2020-10-01",10406,10369,37,12910,12859,51,81,86,"Tokushima",36,2020,10
"徳島","2020-11-01",10393,10351,42,12899,12833,66,73,78,"Tokushima",36,2020,11
"徳島","2020-12-01",10400,10361,39,12903,12844,59,85,86,"Tokushima",36,2020,12
"徳島","2021-01-01",10376,10336,40,12875,12819,56,62,118,"Tokushima",36,2021,1
"徳島","2021-02-01",10326,10291,35,12807,12762,45,68,81,"Tokushima",36,2021,2
"徳島","2021-03-01",10336,10300,36,12820,12777,43,91,101,"Tokushima",36,2021,3
"徳島","2021-04-01",10330,10286,44,12778,12722,56,95,93,"Tokushima",36,2021,4
"徳島","2021-05-01",10317,10277,40,12739,12688,51,80,72,"Tokushima",36,2021,5
"徳島","2021-06-01",10340,10301,39,12756,12698,58,95,86,"Tokushima",36,2021,6
"徳島","2021-07-01",10344,10295,49,12748,12678,70,90,71,"Tokushima",36,2021,7
"徳島","2021-08-01",10366,10319,47,12755,12683,72,93,97,"Tokushima",36,2021,8
"徳島","2021-09-01",10357,10306,51,12746,12667,79,88,99,"Tokushima",36,2021,9
"徳島","2021-10-01",10343,10300,43,12725,12659,66,85,97,"Tokushima",36,2021,10
"徳島","2021-11-01",10352,10309,43,12715,12657,58,106,90,"Tokushima",36,2021,11
"徳島","2021-12-01",10360,10314,46,12696,12640,56,98,65,"Tokushima",36,2021,12
"徳島","2022-01-01",10349,10298,51,12687,12625,62,54,87,"Tokushima",36,2022,1
"徳島","2022-02-01",10332,10278,54,12680,12619,61,70,89,"Tokushima",36,2022,2
"徳島","2022-03-01",10309,10253,56,12657,12594,63,66,119,"Tokushima",36,2022,3
"徳島","2022-04-01",10263,10216,47,12577,12524,53,73,66,"Tokushima",36,2022,4
"徳島","2022-05-01",10277,10234,43,12595,12546,49,80,92,"Tokushima",36,2022,5
"香川","2018-01-01",8265,8198,67,10580,10500,80,70,76,"Kagawa",37,2018,1
"香川","2018-02-01",8264,8197,67,10553,10477,76,75,69,"Kagawa",37,2018,2
"香川","2018-03-01",8292,8219,73,10570,10485,85,97,98,"Kagawa",37,2018,3
"香川","2018-04-01",8284,8214,70,10540,10442,98,90,90,"Kagawa",37,2018,4
"香川","2018-05-01",8284,8225,59,10528,10455,73,90,108,"Kagawa",37,2018,5
"香川","2018-06-01",8264,8195,69,10513,10424,89,87,81,"Kagawa",37,2018,6
"香川","2018-07-01",8278,8211,67,10532,10445,87,95,75,"Kagawa",37,2018,7
"香川","2018-08-01",8298,8227,71,10524,10428,96,95,95,"Kagawa",37,2018,8
"香川","2018-09-01",8279,8211,68,10514,10418,96,76,89,"Kagawa",37,2018,9
"香川","2018-10-01",8266,8192,74,10514,10409,105,75,89,"Kagawa",37,2018,10
"香川","2018-11-01",8251,8172,79,10504,10397,107,74,98,"Kagawa",37,2018,11
"香川","2018-12-01",8249,8177,72,10491,10395,96,96,58,"Kagawa",37,2018,12
"香川","2019-01-01",8245,8173,72,10486,10394,92,54,89,"Kagawa",37,2019,1
"香川","2019-02-01",8229,8157,72,10448,10355,93,73,93,"Kagawa",37,2019,2
"香川","2019-03-01",8227,8156,71,10461,10366,95,91,119,"Kagawa",37,2019,3
"香川","2019-04-01",8183,8124,59,10362,10283,79,75,62,"Kagawa",37,2019,4
"香川","2019-05-01",8188,8126,62,10347,10265,82,67,75,"Kagawa",37,2019,5
"香川","2019-06-01",8209,8130,79,10376,10266,110,96,57,"Kagawa",37,2019,6
"香川","2019-07-01",8246,8162,84,10409,10296,113,94,80,"Kagawa",37,2019,7
"香川","2019-08-01",8240,8150,90,10408,10281,127,74,74,"Kagawa",37,2019,8
"香川","2019-09-01",8214,8116,98,10370,10236,134,48,84,"Kagawa",37,2019,9
"香川","2019-10-01",8219,8122,97,10386,10253,133,89,93,"Kagawa",37,2019,10
"香川","2019-11-01",8206,8122,84,10365,10255,110,80,97,"Kagawa",37,2019,11
"香川","2019-12-01",8187,8108,79,10325,10220,105,78,79,"Kagawa",37,2019,12
"香川","2020-01-01",8184,8117,67,10318,10242,76,75,101,"Kagawa",37,2020,1
"香川","2020-02-01",8157,8094,63,10275,10196,79,74,77,"Kagawa",37,2020,2
"香川","2020-03-01",8169,8106,63,10281,10200,81,89,94,"Kagawa",37,2020,3
"香川","2020-04-01",8163,8104,59,10257,10184,73,88,71,"Kagawa",37,2020,4
"香川","2020-05-01",8186,8124,62,10261,10185,76,94,68,"Kagawa",37,2020,5
"香川","2020-06-01",8191,8127,64,10243,10164,79,73,65,"Kagawa",37,2020,6
"香川","2020-07-01",8198,8131,67,10238,10154,84,72,92,"Kagawa",37,2020,7
"香川","2020-08-01",8180,8123,57,10213,10142,71,74,66,"Kagawa",37,2020,8
"香川","2020-09-01",8184,8114,70,10223,10139,84,70,71,"Kagawa",37,2020,9
"香川","2020-10-01",8197,8126,71,10247,10159,88,84,65,"Kagawa",37,2020,10
"香川","2020-11-01",8206,8138,68,10250,10168,82,74,82,"Kagawa",37,2020,11
"香川","2020-12-01",8205,8119,86,10226,10124,102,81,77,"Kagawa",37,2020,12
"香川","2021-01-01",8203,8119,84,10240,10138,102,75,92,"Kagawa",37,2021,1
"香川","2021-02-01",8187,8098,89,10198,10092,106,76,76,"Kagawa",37,2021,2
"香川","2021-03-01",8206,8127,79,10218,10126,92,95,99,"Kagawa",37,2021,3
"香川","2021-04-01",8209,8114,95,10184,10070,114,102,68,"Kagawa",37,2021,4
"香川","2021-05-01",8232,8145,87,10189,10090,99,91,75,"Kagawa",37,2021,5
"香川","2021-06-01",8248,8161,87,10199,10096,103,91,74,"Kagawa",37,2021,6
"香川","2021-07-01",8268,8183,85,10221,10114,107,94,78,"Kagawa",37,2021,7
"香川","2021-08-01",8263,8180,83,10196,10093,103,73,69,"Kagawa",37,2021,8
"香川","2021-09-01",8281,8195,86,10212,10106,106,87,79,"Kagawa",37,2021,9
"香川","2021-10-01",8284,8196,88,10204,10096,108,82,79,"Kagawa",37,2021,10
"香川","2021-11-01",8305,8217,88,10213,10102,111,100,75,"Kagawa",37,2021,11
"香川","2021-12-01",8305,8221,84,10219,10117,102,75,79,"Kagawa",37,2021,12
"香川","2022-01-01",8297,8217,80,10219,10118,101,71,98,"Kagawa",37,2022,1
"香川","2022-02-01",8292,8213,79,10214,10109,105,93,87,"Kagawa",37,2022,2
"香川","2022-03-01",8293,8217,76,10228,10131,97,88,99,"Kagawa",37,2022,3
"香川","2022-04-01",8258,8195,63,10155,10079,76,64,62,"Kagawa",37,2022,4
"香川","2022-05-01",8290,8226,64,10193,10120,73,94,89,"Kagawa",37,2022,5
"愛媛","2018-01-01",17541,17445,96,21673,21537,136,95,168,"Ehime",38,2018,1
"愛媛","2018-02-01",17494,17396,98,21616,21480,136,121,157,"Ehime",38,2018,2
"愛媛","2018-03-01",17516,17419,97,21612,21481,131,178,208,"Ehime",38,2018,3
"愛媛","2018-04-01",17437,17349,88,21455,21337,118,129,125,"Ehime",38,2018,4
"愛媛","2018-05-01",17469,17387,82,21443,21320,123,157,137,"Ehime",38,2018,5
"愛媛","2018-06-01",17476,17394,82,21451,21320,131,144,157,"Ehime",38,2018,6
"愛媛","2018-07-01",17483,17406,77,21432,21317,115,163,147,"Ehime",38,2018,7
"愛媛","2018-08-01",17478,17403,75,21397,21290,107,142,184,"Ehime",38,2018,8
"愛媛","2018-09-01",17410,17328,82,21313,21209,104,116,139,"Ehime",38,2018,9
"愛媛","2018-10-01",17408,17325,83,21287,21184,103,137,167,"Ehime",38,2018,10
"愛媛","2018-11-01",17381,17303,78,21260,21161,99,140,143,"Ehime",38,2018,11
"愛媛","2018-12-01",17394,17315,79,21298,21201,97,156,155,"Ehime",38,2018,12
"愛媛","2019-01-01",17360,17281,79,21243,21141,102,121,177,"Ehime",38,2019,1
"愛媛","2019-02-01",17318,17239,79,21191,21090,101,135,138,"Ehime",38,2019,2
"愛媛","2019-03-01",17327,17245,82,21206,21094,112,147,171,"Ehime",38,2019,3
"愛媛","2019-04-01",17326,17226,100,21144,21012,132,170,117,"Ehime",38,2019,4
"愛媛","2019-05-01",17325,17231,94,21097,20974,123,116,158,"Ehime",38,2019,5
"愛媛","2019-06-01",17311,17218,93,21058,20939,119,144,134,"Ehime",38,2019,6
"愛媛","2019-07-01",17334,17247,87,21081,20968,113,157,139,"Ehime",38,2019,7
"愛媛","2019-08-01",17352,17262,90,21094,20979,115,157,146,"Ehime",38,2019,8
"愛媛","2019-09-01",17329,17249,80,21072,20965,107,123,130,"Ehime",38,2019,9
"愛媛","2019-10-01",17346,17264,82,21058,20945,113,147,174,"Ehime",38,2019,10
"愛媛","2019-11-01",17298,17212,86,20991,20878,113,126,137,"Ehime",38,2019,11
"愛媛","2019-12-01",17327,17253,74,21024,20925,99,166,155,"Ehime",38,2019,12
"愛媛","2020-01-01",17274,17182,92,20981,20863,118,101,161,"Ehime",38,2020,1
"愛媛","2020-02-01",17243,17150,93,20933,20818,115,130,135,"Ehime",38,2020,2
"愛媛","2020-03-01",17255,17149,106,20934,20794,140,147,180,"Ehime",38,2020,3
"愛媛","2020-04-01",17214,17101,113,20836,20680,156,139,129,"Ehime",38,2020,4
"愛媛","2020-05-01",17200,17087,113,20761,20605,156,115,139,"Ehime",38,2020,5
"愛媛","2020-06-01",17162,17043,119,20685,20528,157,101,144,"Ehime",38,2020,6
"愛媛","2020-07-01",17132,17012,120,20623,20463,160,114,159,"Ehime",38,2020,7
"愛媛","2020-08-01",17096,16992,104,20573,20436,137,123,146,"Ehime",38,2020,8
"愛媛","2020-09-01",17079,16980,99,20533,20400,133,128,155,"Ehime",38,2020,9
"愛媛","2020-10-01",17057,16958,99,20504,20373,131,133,140,"Ehime",38,2020,10
"愛媛","2020-11-01",17045,16954,91,20485,20366,119,128,169,"Ehime",38,2020,11
"愛媛","2020-12-01",17009,16929,80,20441,20337,104,133,137,"Ehime",38,2020,12
"愛媛","2021-01-01",16992,16902,90,20409,20289,120,120,174,"Ehime",38,2021,1
"愛媛","2021-02-01",16957,16852,105,20354,20208,146,139,158,"Ehime",38,2021,2
"愛媛","2021-03-01",16957,16861,96,20344,20216,128,158,212,"Ehime",38,2021,3
"愛媛","2021-04-01",16897,16801,96,20245,20117,128,153,144,"Ehime",38,2021,4
"愛媛","2021-05-01",16873,16772,101,20163,20030,133,120,140,"Ehime",38,2021,5
"愛媛","2021-06-01",16859,16757,102,20116,19981,135,126,132,"Ehime",38,2021,6
"愛媛","2021-07-01",16856,16748,108,20083,19941,142,129,142,"Ehime",38,2021,7
"愛媛","2021-08-01",16866,16766,100,20067,19931,136,151,148,"Ehime",38,2021,8
"愛媛","2021-09-01",16839,16742,97,20027,19894,133,121,154,"Ehime",38,2021,9
"愛媛","2021-10-01",16821,16719,102,20013,19880,133,136,138,"Ehime",38,2021,10
"愛媛","2021-11-01",16840,16739,101,20032,19894,138,157,137,"Ehime",38,2021,11
"愛媛","2021-12-01",16861,16754,107,20040,19896,144,159,178,"Ehime",38,2021,12
"愛媛","2022-01-01",16807,16693,114,19970,19824,146,124,171,"Ehime",38,2022,1
"愛媛","2022-02-01",16756,16648,108,19904,19768,136,120,136,"Ehime",38,2022,2
"愛媛","2022-03-01",16768,16662,106,19893,19747,146,148,208,"Ehime",38,2022,3
"愛媛","2022-04-01",16677,16571,106,19748,19610,138,117,133,"Ehime",38,2022,4
"愛媛","2022-05-01",16678,16585,93,19719,19597,122,134,157,"Ehime",38,2022,5
"高知","2018-01-01",15101,14983,118,19416,19249,167,102,112,"Kochi",39,2018,1
"高知","2018-02-01",15104,14970,134,19405,19214,191,115,144,"Kochi",39,2018,2
"高知","2018-03-01",15106,14975,131,19398,19227,171,147,171,"Kochi",39,2018,3
"高知","2018-04-01",15031,14904,127,19203,19033,170,96,109,"Kochi",39,2018,4
"高知","2018-05-01",15064,14933,131,19223,19045,178,142,169,"Kochi",39,2018,5
"高知","2018-06-01",15021,14898,123,19127,18963,164,124,122,"Kochi",39,2018,6
"高知","2018-07-01",15024,14901,123,19104,18946,158,125,132,"Kochi",39,2018,7
"高知","2018-08-01",15010,14898,112,19078,18940,138,118,130,"Kochi",39,2018,8
"高知","2018-09-01",14995,14885,110,19050,18907,143,115,130,"Kochi",39,2018,9
"高知","2018-10-01",15007,14911,96,19068,18932,136,142,144,"Kochi",39,2018,10
"高知","2018-11-01",15001,14910,91,19055,18930,125,138,110,"Kochi",39,2018,11
"高知","2018-12-01",15002,14903,99,19036,18905,131,111,136,"Kochi",39,2018,12
"高知","2019-01-01",14968,14867,101,18981,18847,134,102,158,"Kochi",39,2019,1
"高知","2019-02-01",14918,14828,90,18909,18794,115,108,144,"Kochi",39,2019,2
"高知","2019-03-01",14920,14831,89,18890,18777,113,146,143,"Kochi",39,2019,3
"高知","2019-04-01",14902,14814,88,18810,18705,105,125,136,"Kochi",39,2019,4
"高知","2019-05-01",14875,14783,92,18749,18625,124,109,140,"Kochi",39,2019,5
"高知","2019-06-01",14850,14754,96,18684,18553,131,115,122,"Kochi",39,2019,6
"高知","2019-07-01",14855,14761,94,18686,18561,125,127,152,"Kochi",39,2019,7
"高知","2019-08-01",14822,14706,116,18638,18483,155,119,118,"Kochi",39,2019,8
"高知","2019-09-01",14837,14718,119,18697,18538,159,133,138,"Kochi",39,2019,9
"高知","2019-10-01",14823,14704,119,18661,18501,160,124,129,"Kochi",39,2019,10
"高知","2019-11-01",14814,14698,116,18629,18489,140,120,141,"Kochi",39,2019,11
"高知","2019-12-01",14819,14713,106,18636,18501,135,146,143,"Kochi",39,2019,12
"高知","2020-01-01",14775,14679,96,18587,18464,123,99,169,"Kochi",39,2020,1
"高知","2020-02-01",14719,14622,97,18515,18392,123,113,165,"Kochi",39,2020,2
"高知","2020-03-01",14682,14598,84,18472,18363,109,128,196,"Kochi",39,2020,3
"高知","2020-04-01",14631,14558,73,18379,18281,98,145,129,"Kochi",39,2020,4
"高知","2020-05-01",14577,14502,75,18270,18169,101,75,105,"Kochi",39,2020,5
"高知","2020-06-01",14564,14479,85,18217,18103,114,92,111,"Kochi",39,2020,6
"高知","2020-07-01",14559,14473,86,18171,18056,115,106,124,"Kochi",39,2020,7
"高知","2020-08-01",14537,14448,89,18143,18012,131,102,115,"Kochi",39,2020,8
"高知","2020-09-01",14522,14436,86,18107,17986,121,100,114,"Kochi",39,2020,9
"高知","2020-10-01",14523,14436,87,18100,17977,123,115,132,"Kochi",39,2020,10
"高知","2020-11-01",14481,14384,97,18022,17891,131,90,118,"Kochi",39,2020,11
"高知","2020-12-01",14468,14368,100,17991,17862,129,105,125,"Kochi",39,2020,12
"高知","2021-01-01",14438,14343,95,17938,17807,131,95,143,"Kochi",39,2021,1
"高知","2021-02-01",14414,14305,109,17910,17769,141,119,132,"Kochi",39,2021,2
"高知","2021-03-01",14403,14304,99,17895,17773,122,121,159,"Kochi",39,2021,3
"高知","2021-04-01",14369,14277,92,17796,17686,110,125,128,"Kochi",39,2021,4
"高知","2021-05-01",14328,14235,93,17694,17575,119,87,100,"Kochi",39,2021,5
"高知","2021-06-01",14329,14235,94,17692,17572,120,101,119,"Kochi",39,2021,6
"高知","2021-07-01",14321,14215,106,17671,17535,136,111,128,"Kochi",39,2021,7
"高知","2021-08-01",14301,14194,107,17660,17520,140,108,128,"Kochi",39,2021,8
"高知","2021-09-01",14276,14182,94,17608,17490,118,103,121,"Kochi",39,2021,9
"高知","2021-10-01",14270,14180,90,17593,17470,123,115,131,"Kochi",39,2021,10
"高知","2021-11-01",14251,14156,95,17551,17421,130,112,132,"Kochi",39,2021,11
"高知","2021-12-01",14270,14178,92,17568,17447,121,151,143,"Kochi",39,2021,12
"高知","2022-01-01",14215,14119,96,17472,17346,126,88,132,"Kochi",39,2022,1
"高知","2022-02-01",14177,14074,103,17431,17297,134,94,141,"Kochi",39,2022,2
"高知","2022-03-01",14169,14075,94,17426,17310,116,133,191,"Kochi",39,2022,3
"高知","2022-04-01",14081,13994,87,17300,17193,107,103,114,"Kochi",39,2022,4
"高知","2022-05-01",14061,13974,87,17286,17179,107,94,127,"Kochi",39,2022,5
"福岡","2018-01-01",95928,95547,381,127339,126811,528,679,963,"Fukuoka",40,2018,1
"福岡","2018-02-01",95801,95409,392,127061,126522,539,836,918,"Fukuoka",40,2018,2
"福岡","2018-03-01",95800,95443,357,127087,126628,459,917,1137,"Fukuoka",40,2018,3
"福岡","2018-04-01",95596,95218,378,126297,125797,500,933,933,"Fukuoka",40,2018,4
"福岡","2018-05-01",95535,95169,366,126040,125538,502,872,931,"Fukuoka",40,2018,5
"福岡","2018-06-01",95433,95068,365,125781,125258,523,829,900,"Fukuoka",40,2018,6
"福岡","2018-07-01",95407,95010,397,125675,125123,552,874,845,"Fukuoka",40,2018,7
"福岡","2018-08-01",95440,95035,405,125703,125130,573,878,902,"Fukuoka",40,2018,8
"福岡","2018-09-01",95357,94929,428,125547,124955,592,819,832,"Fukuoka",40,2018,9
"福岡","2018-10-01",95466,95058,408,125627,125069,558,941,1003,"Fukuoka",40,2018,10
"福岡","2018-11-01",95354,94923,431,125465,124880,585,891,934,"Fukuoka",40,2018,11
"福岡","2018-12-01",95214,94799,415,125277,124710,567,794,846,"Fukuoka",40,2018,12
"福岡","2019-01-01",95022,94627,395,124966,124415,551,654,951,"Fukuoka",40,2019,1
"福岡","2019-02-01",94852,94467,385,124663,124102,561,781,899,"Fukuoka",40,2019,2
"福岡","2019-03-01",94774,94418,356,124558,124052,506,821,910,"Fukuoka",40,2019,3
"福岡","2019-04-01",94720,94382,338,124024,123548,476,856,897,"Fukuoka",40,2019,4
"福岡","2019-05-01",94585,94242,343,123582,123103,479,762,855,"Fukuoka",40,2019,5
"福岡","2019-06-01",94538,94160,378,123417,122905,512,808,789,"Fukuoka",40,2019,6
"福岡","2019-07-01",94678,94306,372,123518,123015,503,926,847,"Fukuoka",40,2019,7
"福岡","2019-08-01",94653,94276,377,123443,122931,512,822,797,"Fukuoka",40,2019,8
"福岡","2019-09-01",94640,94272,368,123443,122932,511,784,852,"Fukuoka",40,2019,9
"福岡","2019-10-01",94733,94366,367,123509,122995,514,945,905,"Fukuoka",40,2019,10
"福岡","2019-11-01",94628,94261,367,123312,122791,521,799,857,"Fukuoka",40,2019,11
"福岡","2019-12-01",94629,94262,367,123290,122782,508,858,765,"Fukuoka",40,2019,12
"福岡","2020-01-01",94572,94205,367,123075,122564,511,708,1026,"Fukuoka",40,2020,1
"福岡","2020-02-01",94398,94014,384,122822,122294,528,852,880,"Fukuoka",40,2020,2
"福岡","2020-03-01",94424,94073,351,122849,122374,475,906,1050,"Fukuoka",40,2020,3
"福岡","2020-04-01",94397,94050,347,122316,121849,467,1024,822,"Fukuoka",40,2020,4
"福岡","2020-05-01",94450,94090,360,122137,121653,484,875,789,"Fukuoka",40,2020,5
"福岡","2020-06-01",94454,94080,374,122019,121489,530,793,851,"Fukuoka",40,2020,6
"福岡","2020-07-01",94350,93997,353,121761,121272,489,747,824,"Fukuoka",40,2020,7
"福岡","2020-08-01",94305,93952,353,121598,121112,486,779,809,"Fukuoka",40,2020,8
"福岡","2020-09-01",94268,93895,373,121476,120972,504,772,866,"Fukuoka",40,2020,9
"福岡","2020-10-01",94266,93899,367,121463,120964,499,864,887,"Fukuoka",40,2020,10
"福岡","2020-11-01",94263,93887,376,121460,120946,514,884,810,"Fukuoka",40,2020,11
"福岡","2020-12-01",94301,93942,359,121505,121008,497,847,784,"Fukuoka",40,2020,12
"福岡","2021-01-01",94302,93961,341,121477,120992,485,785,938,"Fukuoka",40,2021,1
"福岡","2021-02-01",94257,93896,361,121438,120941,497,893,863,"Fukuoka",40,2021,2
"福岡","2021-03-01",94368,94004,364,121628,121136,492,974,1079,"Fukuoka",40,2021,3
"福岡","2021-04-01",94219,93872,347,120930,120487,443,929,949,"Fukuoka",40,2021,4
"福岡","2021-05-01",94119,93773,346,120664,120200,464,849,840,"Fukuoka",40,2021,5
"福岡","2021-06-01",94207,93880,327,120675,120241,434,928,867,"Fukuoka",40,2021,6
"福岡","2021-07-01",94228,93867,361,120629,120143,486,887,792,"Fukuoka",40,2021,7
"福岡","2021-08-01",94267,93894,373,120630,120131,499,831,859,"Fukuoka",40,2021,8
"福岡","2021-09-01",94285,93905,380,120620,120093,527,877,856,"Fukuoka",40,2021,9
"福岡","2021-10-01",94287,93932,355,120486,120003,483,858,850,"Fukuoka",40,2021,10
"福岡","2021-11-01",94325,93958,367,120516,120023,493,888,884,"Fukuoka",40,2021,11
"福岡","2021-12-01",94313,93940,373,120520,120031,489,872,889,"Fukuoka",40,2021,12
"福岡","2022-01-01",94205,93842,363,120373,119895,478,781,920,"Fukuoka",40,2022,1
"福岡","2022-02-01",94093,93734,359,120154,119682,472,808,880,"Fukuoka",40,2022,2
"福岡","2022-03-01",94130,93780,350,120249,119793,456,917,1115,"Fukuoka",40,2022,3
"福岡","2022-04-01",93864,93489,375,119490,119014,476,849,828,"Fukuoka",40,2022,4
"福岡","2022-05-01",93867,93479,388,119316,118839,477,831,844,"Fukuoka",40,2022,5
"佐賀","2018-01-01",6466,6428,38,7881,7827,54,60,80,"Saga",41,2018,1
"佐賀","2018-02-01",6445,6407,38,7854,7800,54,59,74,"Saga",41,2018,2
"佐賀","2018-03-01",6443,6403,40,7854,7801,53,72,82,"Saga",41,2018,3
"佐賀","2018-04-01",6431,6394,37,7830,7779,51,70,59,"Saga",41,2018,4
"佐賀","2018-05-01",6443,6400,43,7833,7780,53,71,60,"Saga",41,2018,5
"佐賀","2018-06-01",6446,6404,42,7835,7784,51,63,58,"Saga",41,2018,6
"佐賀","2018-07-01",6461,6416,45,7846,7791,55,73,67,"Saga",41,2018,7
"佐賀","2018-08-01",6462,6416,46,7841,7781,60,68,90,"Saga",41,2018,8
"佐賀","2018-09-01",6440,6396,44,7811,7757,54,68,56,"Saga",41,2018,9
"佐賀","2018-10-01",6459,6413,46,7817,7761,56,75,62,"Saga",41,2018,10
"佐賀","2018-11-01",6474,6433,41,7834,7783,51,77,58,"Saga",41,2018,11
"佐賀","2018-12-01",6489,6448,41,7853,7807,46,73,69,"Saga",41,2018,12
"佐賀","2019-01-01",6471,6438,33,7826,7790,36,51,81,"Saga",41,2019,1
"佐賀","2019-02-01",6474,6436,38,7833,7792,41,84,74,"Saga",41,2019,2
"佐賀","2019-03-01",6484,6444,40,7852,7809,43,84,72,"Saga",41,2019,3
"佐賀","2019-04-01",6479,6431,48,7808,7753,55,67,54,"Saga",41,2019,4
"佐賀","2019-05-01",6487,6438,49,7820,7763,57,62,65,"Saga",41,2019,5
"佐賀","2019-06-01",6494,6437,57,7831,7764,67,72,54,"Saga",41,2019,6
"佐賀","2019-07-01",6516,6465,51,7862,7803,59,76,52,"Saga",41,2019,7
"佐賀","2019-08-01",6529,6479,50,7861,7804,57,65,69,"Saga",41,2019,8
"佐賀","2019-09-01",6527,6478,49,7855,7792,63,67,57,"Saga",41,2019,9
"佐賀","2019-10-01",6554,6509,45,7887,7832,55,84,63,"Saga",41,2019,10
"佐賀","2019-11-01",6556,6513,43,7875,7824,51,65,69,"Saga",41,2019,11
"佐賀","2019-12-01",6553,6516,37,7861,7817,44,66,84,"Saga",41,2019,12
"佐賀","2020-01-01",6530,6490,40,7824,7776,48,61,80,"Saga",41,2020,1
"佐賀","2020-02-01",6519,6483,36,7807,7766,41,69,65,"Saga",41,2020,2
"佐賀","2020-03-01",6533,6498,35,7834,7794,40,79,99,"Saga",41,2020,3
"佐賀","2020-04-01",6508,6468,40,7787,7746,41,74,62,"Saga",41,2020,4
"佐賀","2020-05-01",6513,6468,45,7777,7726,51,67,72,"Saga",41,2020,5
"佐賀","2020-06-01",6487,6436,51,7727,7670,57,46,65,"Saga",41,2020,6
"佐賀","2020-07-01",6496,6445,51,7722,7664,58,74,73,"Saga",41,2020,7
"佐賀","2020-08-01",6479,6431,48,7700,7645,55,56,61,"Saga",41,2020,8
"佐賀","2020-09-01",6489,6443,46,7705,7654,51,71,61,"Saga",41,2020,9
"佐賀","2020-10-01",6502,6457,45,7726,7674,52,74,80,"Saga",41,2020,10
"佐賀","2020-11-01",6485,6450,35,7701,7659,42,63,58,"Saga",41,2020,11
"佐賀","2020-12-01",6503,6466,37,7729,7685,44,76,64,"Saga",41,2020,12
"佐賀","2021-01-01",6490,6460,30,7704,7669,35,51,85,"Saga",41,2021,1
"佐賀","2021-02-01",6469,6434,35,7676,7638,38,64,68,"Saga",41,2021,2
"佐賀","2021-03-01",6487,6446,41,7695,7649,46,86,88,"Saga",41,2021,3
"佐賀","2021-04-01",6467,6421,46,7641,7591,50,68,64,"Saga",41,2021,4
"佐賀","2021-05-01",6458,6408,50,7613,7558,55,55,72,"Saga",41,2021,5
"佐賀","2021-06-01",6442,6392,50,7590,7531,59,56,87,"Saga",41,2021,6
"佐賀","2021-07-01",6415,6367,48,7563,7510,53,60,58,"Saga",41,2021,7
"佐賀","2021-08-01",6407,6351,56,7542,7478,64,50,78,"Saga",41,2021,8
"佐賀","2021-09-01",6390,6333,57,7519,7454,65,61,75,"Saga",41,2021,9
"佐賀","2021-10-01",6376,6310,66,7503,7427,76,61,83,"Saga",41,2021,10
"佐賀","2021-11-01",6354,6294,60,7467,7397,70,61,57,"Saga",41,2021,11
"佐賀","2021-12-01",6364,6297,67,7480,7406,74,67,60,"Saga",41,2021,12
"佐賀","2022-01-01",6359,6296,63,7466,7395,71,55,68,"Saga",41,2022,1
"佐賀","2022-02-01",6355,6283,72,7459,7378,81,64,78,"Saga",41,2022,2
"佐賀","2022-03-01",6356,6290,66,7474,7399,75,79,91,"Saga",41,2022,3
"佐賀","2022-04-01",6321,6257,64,7409,7337,72,56,58,"Saga",41,2022,4
"佐賀","2022-05-01",6329,6271,58,7402,7339,63,66,67,"Saga",41,2022,5
"長崎","2018-01-01",21748,21648,100,28810,28679,131,103,179,"Nagasaki",42,2018,1
"長崎","2018-02-01",21737,21644,93,28784,28659,125,168,176,"Nagasaki",42,2018,2
"長崎","2018-03-01",21745,21653,92,28790,28671,119,184,211,"Nagasaki",42,2018,3
"長崎","2018-04-01",21699,21605,94,28615,28484,131,165,170,"Nagasaki",42,2018,4
"長崎","2018-05-01",21704,21605,99,28548,28413,135,175,179,"Nagasaki",42,2018,5
"長崎","2018-06-01",21690,21585,105,28448,28301,147,165,153,"Nagasaki",42,2018,6
"長崎","2018-07-01",21693,21586,107,28427,28290,137,156,180,"Nagasaki",42,2018,7
"長崎","2018-08-01",21693,21574,119,28405,28258,147,180,189,"Nagasaki",42,2018,8
"長崎","2018-09-01",21666,21546,120,28351,28197,154,162,182,"Nagasaki",42,2018,9
"長崎","2018-10-01",21657,21544,113,28352,28209,143,173,200,"Nagasaki",42,2018,10
"長崎","2018-11-01",21670,21563,107,28363,28231,132,213,148,"Nagasaki",42,2018,11
"長崎","2018-12-01",21686,21581,105,28354,28225,129,164,172,"Nagasaki",42,2018,12
"長崎","2019-01-01",21638,21528,110,28266,28129,137,124,187,"Nagasaki",42,2019,1
"長崎","2019-02-01",21591,21484,107,28192,28062,130,140,186,"Nagasaki",42,2019,2
"長崎","2019-03-01",21603,21500,103,28211,28085,126,198,211,"Nagasaki",42,2019,3
"長崎","2019-04-01",21580,21479,101,28109,27987,122,188,171,"Nagasaki",42,2019,4
"長崎","2019-05-01",21547,21441,106,27974,27848,126,138,169,"Nagasaki",42,2019,5
"長崎","2019-06-01",21556,21454,102,27948,27820,128,178,168,"Nagasaki",42,2019,6
"長崎","2019-07-01",21589,21487,102,27979,27850,129,201,164,"Nagasaki",42,2019,7
"長崎","2019-08-01",21572,21460,112,27931,27794,137,147,180,"Nagasaki",42,2019,8
"長崎","2019-09-01",21537,21422,115,27893,27754,139,145,176,"Nagasaki",42,2019,9
"長崎","2019-10-01",21552,21428,124,27924,27764,160,191,186,"Nagasaki",42,2019,10
"長崎","2019-11-01",21537,21404,133,27881,27710,171,171,203,"Nagasaki",42,2019,11
"長崎","2019-12-01",21499,21370,129,27807,27645,162,165,187,"Nagasaki",42,2019,12
"長崎","2020-01-01",21435,21311,124,27699,27538,161,123,231,"Nagasaki",42,2020,1
"長崎","2020-02-01",21334,21228,106,27539,27392,147,130,186,"Nagasaki",42,2020,2
"長崎","2020-03-01",21344,21239,105,27536,27399,137,196,236,"Nagasaki",42,2020,3
"長崎","2020-04-01",21273,21169,104,27352,27216,136,165,162,"Nagasaki",42,2020,4
"長崎","2020-05-01",21273,21171,102,27278,27151,127,161,165,"Nagasaki",42,2020,5
"長崎","2020-06-01",21230,21136,94,27212,27098,114,122,197,"Nagasaki",42,2020,6
"長崎","2020-07-01",21175,21077,98,27115,26998,117,142,145,"Nagasaki",42,2020,7
"長崎","2020-08-01",21176,21069,107,27091,26965,126,146,190,"Nagasaki",42,2020,8
"長崎","2020-09-01",21115,20996,119,27018,26874,144,129,138,"Nagasaki",42,2020,9
"長崎","2020-10-01",21141,21034,107,27050,26920,130,164,201,"Nagasaki",42,2020,10
"長崎","2020-11-01",21105,20992,113,27009,26874,135,165,168,"Nagasaki",42,2020,11
"長崎","2020-12-01",21113,20997,116,27027,26884,143,177,176,"Nagasaki",42,2020,12
"長崎","2021-01-01",21090,20981,109,26971,26836,135,153,192,"Nagasaki",42,2021,1
"長崎","2021-02-01",21032,20921,111,26878,26741,137,134,186,"Nagasaki",42,2021,2
"長崎","2021-03-01",21024,20915,109,26878,26739,139,178,207,"Nagasaki",42,2021,3
"長崎","2021-04-01",20985,20867,118,26723,26578,145,168,165,"Nagasaki",42,2021,4
"長崎","2021-05-01",20975,20847,128,26674,26507,167,155,185,"Nagasaki",42,2021,5
"長崎","2021-06-01",20939,20809,130,26605,26440,165,149,178,"Nagasaki",42,2021,6
"長崎","2021-07-01",20926,20797,129,26582,26422,160,165,164,"Nagasaki",42,2021,7
"長崎","2021-08-01",20932,20798,134,26589,26421,168,169,179,"Nagasaki",42,2021,8
"長崎","2021-09-01",20927,20798,129,26578,26421,157,174,171,"Nagasaki",42,2021,9
"長崎","2021-10-01",20920,20797,123,26562,26420,142,164,163,"Nagasaki",42,2021,10
"長崎","2021-11-01",20940,20825,115,26579,26449,130,183,181,"Nagasaki",42,2021,11
"長崎","2021-12-01",20938,20819,119,26571,26434,137,179,172,"Nagasaki",42,2021,12
"長崎","2022-01-01",20914,20794,120,26530,26388,142,148,185,"Nagasaki",42,2022,1
"長崎","2022-02-01",20881,20761,120,26476,26331,145,152,169,"Nagasaki",42,2022,2
"長崎","2022-03-01",20875,20762,113,26463,26328,135,163,190,"Nagasaki",42,2022,3
"長崎","2022-04-01",20822,20716,106,26325,26196,129,137,176,"Nagasaki",42,2022,4
"長崎","2022-05-01",20789,20698,91,26198,26084,114,143,163,"Nagasaki",42,2022,5
"熊本","2018-01-01",19543,19446,97,25242,25100,142,175,271,"Kumamoto",43,2018,1
"熊本","2018-02-01",19481,19376,105,25158,25011,147,206,284,"Kumamoto",43,2018,2
"熊本","2018-03-01",19459,19354,105,25123,24982,141,267,333,"Kumamoto",43,2018,3
"熊本","2018-04-01",19338,19246,92,24871,24751,120,211,236,"Kumamoto",43,2018,4
"熊本","2018-05-01",19345,19243,102,24809,24678,131,241,277,"Kumamoto",43,2018,5
"熊本","2018-06-01",19333,19240,93,24749,24631,118,265,240,"Kumamoto",43,2018,6
"熊本","2018-07-01",19336,19248,88,24716,24604,112,243,265,"Kumamoto",43,2018,7
"熊本","2018-08-01",19329,19244,85,24694,24581,113,259,231,"Kumamoto",43,2018,8
"熊本","2018-09-01",19354,19269,85,24719,24607,112,256,207,"Kumamoto",43,2018,9
"熊本","2018-10-01",19420,19335,85,24802,24691,111,273,242,"Kumamoto",43,2018,10
"熊本","2018-11-01",19421,19342,79,24802,24699,103,243,226,"Kumamoto",43,2018,11
"熊本","2018-12-01",19444,19365,79,24832,24733,99,249,226,"Kumamoto",43,2018,12
"熊本","2019-01-01",19442,19365,77,24807,24717,90,224,266,"Kumamoto",43,2019,1
"熊本","2019-02-01",19415,19337,78,24775,24683,92,239,238,"Kumamoto",43,2019,2
"熊本","2019-03-01",19447,19356,91,24793,24680,113,270,319,"Kumamoto",43,2019,3
"熊本","2019-04-01",19385,19294,91,24653,24537,116,256,219,"Kumamoto",43,2019,4
"熊本","2019-05-01",19361,19269,92,24600,24470,130,195,253,"Kumamoto",43,2019,5
"熊本","2019-06-01",19345,19263,82,24559,24445,114,238,229,"Kumamoto",43,2019,6
"熊本","2019-07-01",19390,19306,84,24597,24480,117,275,222,"Kumamoto",43,2019,7
"熊本","2019-08-01",19394,19310,84,24582,24462,120,226,246,"Kumamoto",43,2019,8
"熊本","2019-09-01",19371,19299,72,24537,24424,113,223,246,"Kumamoto",43,2019,9
"熊本","2019-10-01",19393,19313,80,24547,24427,120,268,234,"Kumamoto",43,2019,10
"熊本","2019-11-01",19424,19340,84,24597,24470,127,265,262,"Kumamoto",43,2019,11
"熊本","2019-12-01",19445,19367,78,24620,24496,124,283,267,"Kumamoto",43,2019,12
"熊本","2020-01-01",19384,19315,69,24513,24412,101,206,255,"Kumamoto",43,2020,1
"熊本","2020-02-01",19350,19267,83,24462,24353,109,221,242,"Kumamoto",43,2020,2
"熊本","2020-03-01",19430,19352,78,24573,24471,102,322,297,"Kumamoto",43,2020,3
"熊本","2020-04-01",19423,19351,72,24493,24409,84,290,221,"Kumamoto",43,2020,4
"熊本","2020-05-01",19437,19376,61,24439,24366,73,235,230,"Kumamoto",43,2020,5
"熊本","2020-06-01",19405,19338,67,24361,24284,77,198,213,"Kumamoto",43,2020,6
"熊本","2020-07-01",19417,19352,65,24327,24246,81,225,205,"Kumamoto",43,2020,7
"熊本","2020-08-01",19429,19363,66,24321,24237,84,218,191,"Kumamoto",43,2020,8
"熊本","2020-09-01",19446,19368,78,24341,24242,99,208,205,"Kumamoto",43,2020,9
"熊本","2020-10-01",19483,19402,81,24365,24264,101,242,229,"Kumamoto",43,2020,10
"熊本","2020-11-01",19487,19410,77,24359,24267,92,233,218,"Kumamoto",43,2020,11
"熊本","2020-12-01",19514,19435,79,24393,24300,93,245,242,"Kumamoto",43,2020,12
"熊本","2021-01-01",19463,19388,75,24330,24228,102,191,268,"Kumamoto",43,2021,1
"熊本","2021-02-01",19424,19346,78,24273,24170,103,229,256,"Kumamoto",43,2021,2
"熊本","2021-03-01",19474,19391,83,24370,24266,104,306,333,"Kumamoto",43,2021,3
"熊本","2021-04-01",19400,19305,95,24228,24104,124,259,227,"Kumamoto",43,2021,4
"熊本","2021-05-01",19411,19313,98,24179,24049,130,237,234,"Kumamoto",43,2021,5
"熊本","2021-06-01",19417,19331,86,24139,24029,110,240,222,"Kumamoto",43,2021,6
"熊本","2021-07-01",19421,19341,80,24107,24004,103,226,232,"Kumamoto",43,2021,7
"熊本","2021-08-01",19409,19331,78,24084,23982,102,220,231,"Kumamoto",43,2021,8
"熊本","2021-09-01",19454,19371,83,24097,23985,112,276,221,"Kumamoto",43,2021,9
"熊本","2021-10-01",19481,19397,84,24110,23993,117,248,241,"Kumamoto",43,2021,10
"熊本","2021-11-01",19536,19439,97,24149,24025,124,296,268,"Kumamoto",43,2021,11
"熊本","2021-12-01",19542,19421,121,24159,24010,149,274,235,"Kumamoto",43,2021,12
"熊本","2022-01-01",19524,19409,115,24129,23987,142,218,253,"Kumamoto",43,2022,1
"熊本","2022-02-01",19478,19369,109,24065,23936,129,205,223,"Kumamoto",43,2022,2
"熊本","2022-03-01",19492,19395,97,24081,23966,115,236,312,"Kumamoto",43,2022,3
"熊本","2022-04-01",19391,19294,97,23959,23842,117,211,164,"Kumamoto",43,2022,4
"熊本","2022-05-01",19453,19358,95,24013,23892,121,226,237,"Kumamoto",43,2022,5
"大分","2018-01-01",15985,15858,127,19862,19705,157,85,158,"Oita",44,2018,1
"大分","2018-02-01",15960,15833,127,19842,19678,164,133,138,"Oita",44,2018,2
"大分","2018-03-01",15973,15854,119,19843,19689,154,151,188,"Oita",44,2018,3
"大分","2018-04-01",15926,15822,104,19768,19634,134,141,139,"Oita",44,2018,4
"大分","2018-05-01",15910,15798,112,19725,19583,142,123,138,"Oita",44,2018,5
"大分","2018-06-01",15931,15807,124,19734,19555,179,159,125,"Oita",44,2018,6
"大分","2018-07-01",15961,15822,139,19751,19545,206,155,101,"Oita",44,2018,7
"大分","2018-08-01",15996,15863,133,19766,19569,197,136,132,"Oita",44,2018,8
"大分","2018-09-01",15985,15846,139,19727,19534,193,121,131,"Oita",44,2018,9
"大分","2018-10-01",16017,15888,129,19721,19554,167,163,137,"Oita",44,2018,10
"大分","2018-11-01",16009,15865,144,19714,19529,185,129,135,"Oita",44,2018,11
"大分","2018-12-01",16015,15864,151,19707,19515,192,141,141,"Oita",44,2018,12
"大分","2019-01-01",15986,15837,149,19689,19501,188,112,162,"Oita",44,2019,1
"大分","2019-02-01",15935,15794,141,19613,19434,179,111,141,"Oita",44,2019,2
"大分","2019-03-01",15954,15828,126,19632,19463,169,160,136,"Oita",44,2019,3
"大分","2019-04-01",15995,15870,125,19668,19503,165,177,128,"Oita",44,2019,4
"大分","2019-05-01",15993,15859,134,19647,19477,170,122,127,"Oita",44,2019,5
"大分","2019-06-01",16025,15901,124,19660,19503,157,159,109,"Oita",44,2019,6
"大分","2019-07-01",16088,15968,120,19723,19569,154,172,134,"Oita",44,2019,7
"大分","2019-08-01",16126,16003,123,19752,19590,162,172,125,"Oita",44,2019,8
"大分","2019-09-01",16140,16020,120,19780,19627,153,139,120,"Oita",44,2019,9
"大分","2019-10-01",16176,16052,124,19767,19604,163,156,126,"Oita",44,2019,10
"大分","2019-11-01",16178,16047,131,19744,19574,170,128,130,"Oita",44,2019,11
"大分","2019-12-01",16163,16020,143,19717,19528,189,115,134,"Oita",44,2019,12
"大分","2020-01-01",16138,16003,135,19692,19509,183,109,156,"Oita",44,2020,1
"大分","2020-02-01",16088,15958,130,19632,19465,167,102,149,"Oita",44,2020,2
"大分","2020-03-01",16107,15976,131,19647,19478,169,168,174,"Oita",44,2020,3
"大分","2020-04-01",16093,15942,151,19591,19401,190,159,153,"Oita",44,2020,4
"大分","2020-05-01",16064,15910,154,19524,19333,191,124,129,"Oita",44,2020,5
"大分","2020-06-01",16040,15887,153,19466,19274,192,105,141,"Oita",44,2020,6
"大分","2020-07-01",16026,15877,149,19423,19233,190,127,150,"Oita",44,2020,7
"大分","2020-08-01",15988,15852,136,19335,19163,172,112,130,"Oita",44,2020,8
"大分","2020-09-01",15977,15842,135,19303,19132,171,119,131,"Oita",44,2020,9
"大分","2020-10-01",15985,15842,143,19298,19127,171,139,143,"Oita",44,2020,10
"大分","2020-11-01",15968,15837,131,19257,19098,159,127,135,"Oita",44,2020,11
"大分","2020-12-01",15959,15814,145,19229,19057,172,126,117,"Oita",44,2020,12
"大分","2021-01-01",15931,15782,149,19206,19030,176,89,174,"Oita",44,2021,1
"大分","2021-02-01",15884,15725,159,19142,18951,191,127,126,"Oita",44,2021,2
"大分","2021-03-01",15903,15741,162,19177,18986,191,145,196,"Oita",44,2021,3
"大分","2021-04-01",15840,15674,166,19054,18862,192,133,135,"Oita",44,2021,4
"大分","2021-05-01",15822,15653,169,19019,18820,199,117,138,"Oita",44,2021,5
"大分","2021-06-01",15811,15636,175,18973,18765,208,127,142,"Oita",44,2021,6
"大分","2021-07-01",15797,15624,173,18942,18738,204,128,140,"Oita",44,2021,7
"大分","2021-08-01",15794,15623,171,18902,18706,196,137,151,"Oita",44,2021,8
"大分","2021-09-01",15789,15615,174,18908,18708,200,146,119,"Oita",44,2021,9
"大分","2021-10-01",15799,15630,169,18911,18714,197,129,179,"Oita",44,2021,10
"大分","2021-11-01",15757,15592,165,18845,18654,191,137,135,"Oita",44,2021,11
"大分","2021-12-01",15797,15633,164,18907,18715,192,175,121,"Oita",44,2021,12
"大分","2022-01-01",15804,15625,179,18918,18711,207,128,158,"Oita",44,2022,1
"大分","2022-02-01",15772,15593,179,18882,18675,207,126,151,"Oita",44,2022,2
"大分","2022-03-01",15752,15586,166,18876,18679,197,131,192,"Oita",44,2022,3
"大分","2022-04-01",15704,15552,152,18775,18602,173,144,137,"Oita",44,2022,4
"大分","2022-05-01",15682,15533,149,18747,18575,172,115,147,"Oita",44,2022,5
"宮崎","2018-01-01",14286,14220,66,18024,17948,76,116,156,"Miyazaki",45,2018,1
"宮崎","2018-02-01",14267,14206,61,17984,17914,70,137,164,"Miyazaki",45,2018,2
"宮崎","2018-03-01",14255,14201,54,17985,17927,58,152,196,"Miyazaki",45,2018,3
"宮崎","2018-04-01",14194,14139,55,17835,17773,62,135,119,"Miyazaki",45,2018,4
"宮崎","2018-05-01",14207,14156,51,17846,17788,58,132,156,"Miyazaki",45,2018,5
"宮崎","2018-06-01",14205,14148,57,17834,17766,68,154,143,"Miyazaki",45,2018,6
"宮崎","2018-07-01",14211,14158,53,17837,17774,63,149,119,"Miyazaki",45,2018,7
"宮崎","2018-08-01",14235,14174,61,17867,17798,69,143,135,"Miyazaki",45,2018,8
"宮崎","2018-09-01",14240,14187,53,17852,17790,62,140,105,"Miyazaki",45,2018,9
"宮崎","2018-10-01",14303,14248,55,17930,17864,66,168,163,"Miyazaki",45,2018,10
"宮崎","2018-11-01",14300,14247,53,17934,17868,66,160,153,"Miyazaki",45,2018,11
"宮崎","2018-12-01",14306,14252,54,17947,17880,67,159,159,"Miyazaki",45,2018,12
"宮崎","2019-01-01",14282,14236,46,17903,17843,60,135,176,"Miyazaki",45,2019,1
"宮崎","2019-02-01",14247,14208,39,17829,17774,55,142,152,"Miyazaki",45,2019,2
"宮崎","2019-03-01",14258,14227,31,17872,17832,40,163,157,"Miyazaki",45,2019,3
"宮崎","2019-04-01",14243,14213,30,17827,17791,36,142,118,"Miyazaki",45,2019,4
"宮崎","2019-05-01",14248,14221,27,17811,17775,36,123,126,"Miyazaki",45,2019,5
"宮崎","2019-06-01",14266,14230,36,17823,17777,46,144,119,"Miyazaki",45,2019,6
"宮崎","2019-07-01",14311,14279,32,17877,17840,37,164,113,"Miyazaki",45,2019,7
"宮崎","2019-08-01",14326,14293,33,17903,17857,46,128,134,"Miyazaki",45,2019,8
"宮崎","2019-09-01",14321,14279,42,17883,17828,55,129,147,"Miyazaki",45,2019,9
"宮崎","2019-10-01",14341,14299,42,17902,17848,54,167,171,"Miyazaki",45,2019,10
"宮崎","2019-11-01",14318,14278,40,17847,17790,57,148,141,"Miyazaki",45,2019,11
"宮崎","2019-12-01",14335,14291,44,17877,17816,61,158,162,"Miyazaki",45,2019,12
"宮崎","2020-01-01",14299,14254,45,17827,17758,69,126,158,"Miyazaki",45,2020,1
"宮崎","2020-02-01",14257,14212,45,17750,17693,57,116,140,"Miyazaki",45,2020,2
"宮崎","2020-03-01",14325,14270,55,17843,17779,64,208,213,"Miyazaki",45,2020,3
"宮崎","2020-04-01",14285,14236,49,17748,17687,61,173,120,"Miyazaki",45,2020,4
"宮崎","2020-05-01",14286,14236,50,17712,17648,64,121,131,"Miyazaki",45,2020,5
"宮崎","2020-06-01",14272,14222,50,17644,17580,64,117,147,"Miyazaki",45,2020,6
"宮崎","2020-07-01",14262,14214,48,17625,17562,63,137,143,"Miyazaki",45,2020,7
"宮崎","2020-08-01",14238,14190,48,17573,17511,62,120,151,"Miyazaki",45,2020,8
"宮崎","2020-09-01",14216,14165,51,17531,17468,63,128,122,"Miyazaki",45,2020,9
"宮崎","2020-10-01",14251,14203,48,17552,17492,60,157,162,"Miyazaki",45,2020,10
"宮崎","2020-11-01",14231,14186,45,17509,17451,58,141,130,"Miyazaki",45,2020,11
"宮崎","2020-12-01",14246,14207,39,17538,17490,48,146,150,"Miyazaki",45,2020,12
"宮崎","2021-01-01",14218,14173,45,17495,17441,54,125,150,"Miyazaki",45,2021,1
"宮崎","2021-02-01",14207,14165,42,17484,17435,49,139,133,"Miyazaki",45,2021,2
"宮崎","2021-03-01",14251,14211,40,17544,17495,49,177,178,"Miyazaki",45,2021,3
"宮崎","2021-04-01",14187,14147,40,17383,17339,44,114,137,"Miyazaki",45,2021,4
"宮崎","2021-05-01",14165,14120,45,17323,17270,53,115,145,"Miyazaki",45,2021,5
"宮崎","2021-06-01",14146,14094,52,17273,17200,73,126,150,"Miyazaki",45,2021,6
"宮崎","2021-07-01",14123,14076,47,17238,17173,65,127,136,"Miyazaki",45,2021,7
"宮崎","2021-08-01",14112,14069,43,17224,17166,58,124,168,"Miyazaki",45,2021,8
"宮崎","2021-09-01",14086,14045,41,17188,17142,46,144,122,"Miyazaki",45,2021,9
"宮崎","2021-10-01",14094,14049,45,17208,17150,58,130,160,"Miyazaki",45,2021,10
"宮崎","2021-11-01",14109,14067,42,17229,17175,54,175,144,"Miyazaki",45,2021,11
"宮崎","2021-12-01",14109,14070,39,17251,17207,44,144,154,"Miyazaki",45,2021,12
"宮崎","2022-01-01",14095,14061,34,17236,17195,41,140,161,"Miyazaki",45,2022,1
"宮崎","2022-02-01",14045,14011,34,17154,17114,40,111,158,"Miyazaki",45,2022,2
"宮崎","2022-03-01",14013,13980,33,17103,17067,36,126,163,"Miyazaki",45,2022,3
"宮崎","2022-04-01",13960,13924,36,16974,16934,40,110,120,"Miyazaki",45,2022,4
"宮崎","2022-05-01",13954,13918,36,16939,16899,40,114,139,"Miyazaki",45,2022,5
"鹿児島","2018-01-01",23790,23544,246,30954,30624,330,164,206,"Kagoshima",46,2018,1
"鹿児島","2018-02-01",23760,23523,237,30864,30541,323,176,236,"Kagoshima",46,2018,2
"鹿児島","2018-03-01",23722,23502,220,30823,30530,293,198,282,"Kagoshima",46,2018,3
"鹿児島","2018-04-01",23648,23430,218,30603,30323,280,208,194,"Kagoshima",46,2018,4
"鹿児島","2018-05-01",23675,23440,235,30669,30328,341,221,219,"Kagoshima",46,2018,5
"鹿児島","2018-06-01",23649,23402,247,30632,30270,362,193,197,"Kagoshima",46,2018,6
"鹿児島","2018-07-01",23693,23436,257,30653,30275,378,241,234,"Kagoshima",46,2018,7
"鹿児島","2018-08-01",23686,23408,278,30647,30255,392,227,229,"Kagoshima",46,2018,8
"鹿児島","2018-09-01",23638,23357,281,30602,30200,402,181,210,"Kagoshima",46,2018,9
"鹿児島","2018-10-01",23664,23372,292,30596,30180,416,236,240,"Kagoshima",46,2018,10
"鹿児島","2018-11-01",23622,23316,306,30564,30129,435,198,207,"Kagoshima",46,2018,11
"鹿児島","2018-12-01",23628,23337,291,30548,30140,408,213,209,"Kagoshima",46,2018,12
"鹿児島","2019-01-01",23592,23300,292,30459,30092,367,173,234,"Kagoshima",46,2019,1
"鹿児島","2019-02-01",23553,23307,246,30412,30105,307,195,238,"Kagoshima",46,2019,2
"鹿児島","2019-03-01",23549,23320,229,30414,30136,278,234,332,"Kagoshima",46,2019,3
"鹿児島","2019-04-01",23492,23276,216,30307,29992,315,223,188,"Kagoshima",46,2019,4
"鹿児島","2019-05-01",23499,23296,203,30236,29937,299,195,183,"Kagoshima",46,2019,5
"鹿児島","2019-06-01",23512,23287,225,30216,29882,334,196,195,"Kagoshima",46,2019,6
"鹿児島","2019-07-01",23558,23320,238,30293,29940,353,241,199,"Kagoshima",46,2019,7
"鹿児島","2019-08-01",23542,23313,229,30227,29904,323,183,210,"Kagoshima",46,2019,8
"鹿児島","2019-09-01",23529,23298,231,30241,29928,313,197,193,"Kagoshima",46,2019,9
"鹿児島","2019-10-01",23580,23340,240,30308,29981,327,244,222,"Kagoshima",46,2019,10
"鹿児島","2019-11-01",23555,23303,252,30262,29930,332,197,199,"Kagoshima",46,2019,11
"鹿児島","2019-12-01",23582,23326,256,30279,29935,344,226,214,"Kagoshima",46,2019,12
"鹿児島","2020-01-01",23519,23262,257,30155,29806,349,150,232,"Kagoshima",46,2020,1
"鹿児島","2020-02-01",23466,23215,251,30080,29750,330,179,218,"Kagoshima",46,2020,2
"鹿児島","2020-03-01",23477,23243,234,30085,29792,293,229,281,"Kagoshima",46,2020,3
"鹿児島","2020-04-01",23439,23211,228,29933,29654,279,244,206,"Kagoshima",46,2020,4
"鹿児島","2020-05-01",23422,23207,215,29860,29590,270,189,168,"Kagoshima",46,2020,5
"鹿児島","2020-06-01",23412,23184,228,29800,29516,284,158,169,"Kagoshima",46,2020,6
"鹿児島","2020-07-01",23403,23177,226,29763,29473,290,160,195,"Kagoshima",46,2020,7
"鹿児島","2020-08-01",23362,23150,212,29662,29406,256,154,215,"Kagoshima",46,2020,8
"鹿児島","2020-09-01",23359,23145,214,29695,29385,310,212,193,"Kagoshima",46,2020,9
"鹿児島","2020-10-01",23367,23141,226,29704,29380,324,201,215,"Kagoshima",46,2020,10
"鹿児島","2020-11-01",23343,23113,230,29652,29339,313,191,185,"Kagoshima",46,2020,11
"鹿児島","2020-12-01",23374,23128,246,29700,29361,339,216,182,"Kagoshima",46,2020,12
"鹿児島","2021-01-01",23352,23096,256,29644,29286,358,160,214,"Kagoshima",46,2021,1
"鹿児島","2021-02-01",23329,23061,268,29610,29250,360,191,211,"Kagoshima",46,2021,2
"鹿児島","2021-03-01",23424,23140,284,29728,29349,379,306,304,"Kagoshima",46,2021,3
"鹿児島","2021-04-01",23353,23050,303,29494,29090,404,234,203,"Kagoshima",46,2021,4
"鹿児島","2021-05-01",23351,23040,311,29440,29024,416,201,177,"Kagoshima",46,2021,5
"鹿児島","2021-06-01",23392,23075,317,29496,29064,432,218,218,"Kagoshima",46,2021,6
"鹿児島","2021-07-01",23385,23081,304,29460,29056,404,211,211,"Kagoshima",46,2021,7
"鹿児島","2021-08-01",23380,23075,305,29475,29070,405,206,217,"Kagoshima",46,2021,8
"鹿児島","2021-09-01",23396,23091,305,29531,29120,411,233,233,"Kagoshima",46,2021,9
"鹿児島","2021-10-01",23371,23063,308,29493,29081,412,208,243,"Kagoshima",46,2021,10
"鹿児島","2021-11-01",23374,23069,305,29511,29117,394,246,196,"Kagoshima",46,2021,11
"鹿児島","2021-12-01",23377,23054,323,29502,29086,416,199,213,"Kagoshima",46,2021,12
"鹿児島","2022-01-01",23327,23021,306,29408,29024,384,163,223,"Kagoshima",46,2022,1
"鹿児島","2022-02-01",23274,22963,311,29289,28897,392,170,200,"Kagoshima",46,2022,2
"鹿児島","2022-03-01",23294,22997,297,29308,28929,379,220,309,"Kagoshima",46,2022,3
"鹿児島","2022-04-01",23186,22896,290,29079,28709,370,201,185,"Kagoshima",46,2022,4
"鹿児島","2022-05-01",23197,22901,296,29039,28665,374,196,221,"Kagoshima",46,2022,5
"沖縄","2018-01-01",28396,28281,115,37019,36860,159,258,266,"Okinawa",47,2018,1
"沖縄","2018-02-01",28372,28259,113,36956,36796,160,243,228,"Okinawa",47,2018,2
"沖縄","2018-03-01",28479,28373,106,37092,36948,144,336,311,"Okinawa",47,2018,3
"沖縄","2018-04-01",28448,28345,103,36899,36760,139,278,208,"Okinawa",47,2018,4
"沖縄","2018-05-01",28551,28450,101,36974,36840,134,311,291,"Okinawa",47,2018,5
"沖縄","2018-06-01",28581,28486,95,36977,36849,128,322,239,"Okinawa",47,2018,6
"沖縄","2018-07-01",28588,28486,102,36972,36831,141,332,222,"Okinawa",47,2018,7
"沖縄","2018-08-01",28749,28646,103,37181,37031,150,299,244,"Okinawa",47,2018,8
"沖縄","2018-09-01",28781,28677,104,37222,37069,153,276,235,"Okinawa",47,2018,9
"沖縄","2018-10-01",28862,28765,97,37282,37135,147,316,240,"Okinawa",47,2018,10
"沖縄","2018-11-01",28963,28863,100,37420,37269,151,342,239,"Okinawa",47,2018,11
"沖縄","2018-12-01",29051,28949,102,37519,37368,151,329,244,"Okinawa",47,2018,12
"沖縄","2019-01-01",29050,28957,93,37528,37398,130,241,238,"Okinawa",47,2019,1
"沖縄","2019-02-01",29079,28976,103,37565,37414,151,267,215,"Okinawa",47,2019,2
"沖縄","2019-03-01",29177,29065,112,37686,37516,170,315,283,"Okinawa",47,2019,3
"沖縄","2019-04-01",29197,29084,113,37595,37417,178,301,185,"Okinawa",47,2019,4
"沖縄","2019-05-01",29271,29147,124,37603,37393,210,259,246,"Okinawa",47,2019,5
"沖縄","2019-06-01",29316,29193,123,37595,37388,207,291,228,"Okinawa",47,2019,6
"沖縄","2019-07-01",29431,29316,115,37695,37507,188,343,243,"Okinawa",47,2019,7
"沖縄","2019-08-01",29500,29374,126,37754,37561,193,312,253,"Okinawa",47,2019,8
"沖縄","2019-09-01",29581,29458,123,37860,37664,196,334,246,"Okinawa",47,2019,9
"沖縄","2019-10-01",29627,29511,116,37881,37693,188,292,257,"Okinawa",47,2019,10
"沖縄","2019-11-01",29672,29565,107,37928,37769,159,302,251,"Okinawa",47,2019,11
"沖縄","2019-12-01",29776,29672,104,38031,37881,150,355,237,"Okinawa",47,2019,12
"沖縄","2020-01-01",29793,29688,105,38057,37907,150,254,292,"Okinawa",47,2020,1
"沖縄","2020-02-01",29776,29674,102,38014,37868,146,275,272,"Okinawa",47,2020,2
"沖縄","2020-03-01",29873,29776,97,38125,37991,134,369,338,"Okinawa",47,2020,3
"沖縄","2020-04-01",29893,29802,91,38055,37924,131,358,216,"Okinawa",47,2020,4
"沖縄","2020-05-01",30013,29928,85,38144,38027,117,341,275,"Okinawa",47,2020,5
"沖縄","2020-06-01",29991,29898,93,38069,37935,134,247,264,"Okinawa",47,2020,6
"沖縄","2020-07-01",30047,29955,92,38104,37964,140,321,306,"Okinawa",47,2020,7
"沖縄","2020-08-01",30079,29983,96,38144,37994,150,335,273,"Okinawa",47,2020,8
"沖縄","2020-09-01",30094,29997,97,38138,37991,147,293,247,"Okinawa",47,2020,9
"沖縄","2020-10-01",30173,30079,94,38223,38075,148,326,292,"Okinawa",47,2020,10
"沖縄","2020-11-01",30222,30115,107,38264,38103,161,341,251,"Okinawa",47,2020,11
"沖縄","2020-12-01",30319,30206,113,38385,38224,161,348,241,"Okinawa",47,2020,12
"沖縄","2021-01-01",30354,30249,105,38418,38269,149,276,305,"Okinawa",47,2021,1
"沖縄","2021-02-01",30403,30287,116,38477,38319,158,355,269,"Okinawa",47,2021,2
"沖縄","2021-03-01",30527,30412,115,38587,38436,151,393,349,"Okinawa",47,2021,3
"沖縄","2021-04-01",30528,30415,113,38460,38314,146,351,263,"Okinawa",47,2021,4
"沖縄","2021-05-01",30582,30465,117,38464,38309,155,317,270,"Okinawa",47,2021,5
"沖縄","2021-06-01",30653,30533,120,38533,38373,160,341,251,"Okinawa",47,2021,6
"沖縄","2021-07-01",30779,30671,108,38650,38511,139,377,239,"Okinawa",47,2021,7
"沖縄","2021-08-01",30885,30788,97,38737,38607,130,345,324,"Okinawa",47,2021,8
"沖縄","2021-09-01",30888,30790,98,38712,38574,138,327,263,"Okinawa",47,2021,9
"沖縄","2021-10-01",30991,30896,95,38836,38690,146,365,265,"Okinawa",47,2021,10
"沖縄","2021-11-01",31085,30993,92,38956,38814,142,359,263,"Okinawa",47,2021,11
"沖縄","2021-12-01",31192,31097,95,39064,38934,130,370,302,"Okinawa",47,2021,12
"沖縄","2022-01-01",31214,31118,96,39049,38931,118,323,289,"Okinawa",47,2022,1
"沖縄","2022-02-01",31238,31135,103,39061,38926,135,313,286,"Okinawa",47,2022,2
"沖縄","2022-03-01",31330,31211,119,39154,38994,160,378,341,"Okinawa",47,2022,3
"沖縄","2022-04-01",31333,31214,119,38997,38819,178,344,259,"Okinawa",47,2022,4
"沖縄","2022-05-01",31345,31216,129,38966,38778,188,271,272,"Okinawa",47,2022,5
"全国","2018-01-01",1640002,1631664,8338,2118848,2107329,11519,14571,17327,"zenkoku",99,2018,1
"全国","2018-02-01",1638384,1630065,8319,2115368,2103862,11506,15623,17040,"zenkoku",99,2018,2
"全国","2018-03-01",1639768,1631823,7945,2116807,2106055,10752,18434,20310,"zenkoku",99,2018,3
"全国","2018-04-01",1635280,1627645,7635,2103666,2093340,10326,15842,15518,"zenkoku",99,2018,4
"全国","2018-05-01",1637825,1629970,7855,2103644,2092965,10679,18061,17934,"zenkoku",99,2018,5
"全国","2018-06-01",1636327,1627944,8383,2098790,2087219,11571,16429,16190,"zenkoku",99,2018,6
"全国","2018-07-01",1637745,1629087,8658,2098973,2086977,11996,17690,16511,"zenkoku",99,2018,7
"全国","2018-08-01",1638599,1629762,8837,2098594,2086302,12292,17278,17833,"zenkoku",99,2018,8
"全国","2018-09-01",1636239,1627387,8852,2094450,2082179,12271,15472,14705,"zenkoku",99,2018,9
"全国","2018-10-01",1639185,1630601,8584,2097426,2085627,11799,17653,17805,"zenkoku",99,2018,10
"全国","2018-11-01",1639402,1631076,8326,2096955,2085596,11359,18018,16761,"zenkoku",99,2018,11
"全国","2018-12-01",1638866,1630610,8256,2095756,2084510,11246,16224,16016,"zenkoku",99,2018,12
"全国","2019-01-01",1637611,1629478,8133,2093324,2082232,11092,14760,17631,"zenkoku",99,2019,1
"全国","2019-02-01",1635515,1627444,8071,2089641,2078550,11091,15533,16768,"zenkoku",99,2019,2
"全国","2019-03-01",1636334,1628654,7680,2090578,2080121,10457,17591,18896,"zenkoku",99,2019,3
"全国","2019-04-01",1634353,1626930,7423,2081339,2071121,10218,16859,15031,"zenkoku",99,2019,4
"全国","2019-05-01",1635049,1627492,7557,2078707,2068373,10334,15724,16902,"zenkoku",99,2019,5
"全国","2019-06-01",1634303,1626256,8047,2075282,2064278,11004,16158,15788,"zenkoku",99,2019,6
"全国","2019-07-01",1637264,1629086,8178,2077526,2066336,11190,18745,16624,"zenkoku",99,2019,7
"全国","2019-08-01",1636646,1628145,8501,2075049,2063353,11696,16009,16958,"zenkoku",99,2019,8
"全国","2019-09-01",1635718,1627210,8508,2072929,2061183,11746,16036,15603,"zenkoku",99,2019,9
"全国","2019-10-01",1637637,1629206,8431,2074149,2062473,11676,17523,17166,"zenkoku",99,2019,10
"全国","2019-11-01",1636952,1628811,8141,2071747,2060510,11237,16480,16543,"zenkoku",99,2019,11
"全国","2019-12-01",1637003,1629038,7965,2071253,2060271,10982,16611,16207,"zenkoku",99,2019,12
"全国","2020-01-01",1635695,1627828,7867,2068398,2057601,10797,14992,17796,"zenkoku",99,2020,1
"全国","2020-02-01",1632904,1625020,7884,2064214,2053421,10793,15042,16414,"zenkoku",99,2020,2
"全国","2020-03-01",1635201,1627676,7525,2066660,2056480,10180,18716,19977,"zenkoku",99,2020,3
"全国","2020-04-01",1634584,1627341,7243,2059536,2049899,9637,19362,15247,"zenkoku",99,2020,4
"全国","2020-05-01",1636236,1628840,7396,2057703,2047864,9839,16906,14789,"zenkoku",99,2020,5
"全国","2020-06-01",1636596,1628999,7597,2055531,2045299,10232,15142,15801,"zenkoku",99,2020,6
"全国","2020-07-01",1636827,1629260,7567,2053606,2043458,10148,16036,16241,"zenkoku",99,2020,7
"全国","2020-08-01",1635356,1627642,7714,2050043,2039771,10272,14766,16213,"zenkoku",99,2020,8
"全国","2020-09-01",1635754,1628015,7739,2049409,2039148,10261,16613,15959,"zenkoku",99,2020,9
"全国","2020-10-01",1636723,1629239,7484,2049746,2039864,9882,16928,17226,"zenkoku",99,2020,10
"全国","2020-11-01",1636411,1629081,7330,2048675,2039063,9612,16905,15559,"zenkoku",99,2020,11
"全国","2020-12-01",1638124,1630795,7329,2050391,2040837,9554,17272,16010,"zenkoku",99,2020,12
"全国","2021-01-01",1638184,1630899,7285,2049630,2040156,9474,16072,17557,"zenkoku",99,2021,1
"全国","2021-02-01",1637143,1629774,7369,2047778,2038230,9548,16518,15940,"zenkoku",99,2021,2
"全国","2021-03-01",1641536,1634374,7162,2053268,2044072,9196,20336,20235,"zenkoku",99,2021,3
"全国","2021-04-01",1638787,1631575,7212,2043423,2034298,9125,17487,15801,"zenkoku",99,2021,4
"全国","2021-05-01",1638591,1631104,7487,2040011,2030479,9532,15607,16132,"zenkoku",99,2021,5
"全国","2021-06-01",1639469,1631669,7800,2039038,2028916,10122,17012,16430,"zenkoku",99,2021,6
"全国","2021-07-01",1640186,1632186,8000,2038416,2028038,10378,17201,15681,"zenkoku",99,2021,7
"全国","2021-08-01",1640648,1632561,8087,2037800,2027232,10568,16139,16912,"zenkoku",99,2021,8
"全国","2021-09-01",1641564,1633524,8040,2038210,2027683,10527,17829,16283,"zenkoku",99,2021,9
"全国","2021-10-01",1641917,1634001,7916,2037970,2027584,10386,16637,16582,"zenkoku",99,2021,10
"全国","2021-11-01",1643782,1636040,7742,2039439,2029358,10081,18447,16548,"zenkoku",99,2021,11
"全国","2021-12-01",1644884,1637163,7721,2040211,2030186,10025,17648,16753,"zenkoku",99,2021,12
"全国","2022-01-01",1643819,1636141,7678,2037866,2027890,9976,15688,17409,"zenkoku",99,2022,1
"全国","2022-02-01",1641640,1633865,7775,2034226,2024085,10141,15232,16568,"zenkoku",99,2022,2
"全国","2022-03-01",1642821,1635363,7458,2036045,2026359,9686,17751,21011,"zenkoku",99,2022,3
"全国","2022-04-01",1637490,1630067,7423,2023665,2014102,9563,15676,15023,"zenkoku",99,2022,4
"全国","2022-05-01",1639505,1631978,7527,2023336,2013587,9749,17039,16398,"zenkoku",99,2022,5
