...1,...2,...3,被保護世帯数,...5,...6,被保護実人員,...8,...9,保護開始,保護廃止,year_month
全国,NA,NA,1637745,1629087,8658,2098973,2086977,11996,17690,16511,2018-07-01
NA,北海道,NA,48815,48709,106,63685,63548,137,430,444,2018-07-01
NA,青森,NA,13649,13632,17,16678,16657,21,98,131,2018-07-01
NA,岩手,NA,6701,6662,39,8491,8439,52,65,85,2018-07-01
NA,宮城,NA,8191,8145,46,10787,10709,78,100,81,2018-07-01
NA,秋田,NA,7110,7080,30,9109,9068,41,85,78,2018-07-01
NA,山形,NA,6385,6320,65,7794,7710,84,85,69,2018-07-01
NA,福島,NA,5448,5392,56,6690,6627,63,68,72,2018-07-01
NA,茨城,NA,22123,21993,130,27856,27679,177,290,236,2018-07-01
NA,栃木,NA,9887,9816,71,12220,12114,106,104,112,2018-07-01
NA,群馬,NA,6277,6234,43,7599,7535,64,78,81,2018-07-01
NA,埼玉,NA,43637,43478,159,57004,56777,227,502,405,2018-07-01
NA,千葉,NA,39937,39752,185,51400,51146,254,498,384,2018-07-01
NA,東京,NA,225265,224223,1042,279497,277980,1517,2434,2235,2018-07-01
NA,神奈川,NA,26742,26617,125,34792,34623,169,367,293,2018-07-01
NA,新潟,NA,7111,7048,63,8962,8873,89,73,89,2018-07-01
NA,富山,NA,1445,1416,29,1666,1628,38,19,19,2018-07-01
NA,石川,NA,2590,2567,23,3014,2988,26,28,29,2018-07-01
NA,福井,NA,3377,3317,60,4109,4042,67,34,39,2018-07-01
NA,山梨,NA,5694,5596,98,7032,6900,132,67,58,2018-07-01
NA,長野,NA,6339,6273,66,7742,7648,94,72,59,2018-07-01
NA,岐阜,NA,4347,4297,50,5294,5238,56,57,41,2018-07-01
NA,静岡,NA,11989,11891,98,14716,14586,130,155,127,2018-07-01
NA,愛知,NA,17765,17614,151,22898,22669,229,217,205,2018-07-01
NA,三重,NA,12645,12552,93,16068,15942,126,150,147,2018-07-01
NA,滋賀,NA,5138,5100,38,7154,7079,75,74,50,2018-07-01
NA,京都,NA,10219,10146,73,14385,14265,120,95,103,2018-07-01
NA,大阪,NA,50814,50600,214,68424,68125,299,575,520,2018-07-01
NA,兵庫,NA,13850,13734,116,18281,18101,180,156,150,2018-07-01
NA,奈良,NA,9537,9477,60,12780,12685,95,68,93,2018-07-01
NA,和歌山,NA,4913,4874,39,5967,5923,44,57,44,2018-07-01
NA,鳥取,NA,3300,3288,12,4087,4066,21,50,34,2018-07-01
NA,島根,NA,2448,2436,12,3046,3033,13,24,39,2018-07-01
NA,岡山,NA,3809,3778,31,4767,4718,49,41,46,2018-07-01
NA,広島,NA,5813,5765,48,7656,7583,73,52,71,2018-07-01
NA,山口,NA,8717,8673,44,10790,10728,62,72,91,2018-07-01
NA,徳島,NA,10587,10557,30,13508,13471,37,93,88,2018-07-01
NA,香川,NA,3432,3402,30,4363,4325,38,41,51,2018-07-01
NA,愛媛,NA,7632,7565,67,9360,9259,101,86,73,2018-07-01
NA,高知,NA,5824,5766,58,7233,7158,75,58,73,2018-07-01
NA,福岡,NA,38110,37958,152,52283,52038,245,278,294,2018-07-01
NA,佐賀,NA,6461,6416,45,7846,7791,55,73,67,2018-07-01
NA,長崎,NA,8067,8030,37,10507,10454,53,78,84,2018-07-01
NA,熊本,NA,7430,7393,37,9363,9316,47,100,115,2018-07-01
NA,大分,NA,9063,8977,86,11209,11079,130,93,66,2018-07-01
NA,宮崎,NA,7332,7297,35,9108,9064,44,89,68,2018-07-01
NA,鹿児島,NA,11997,11861,136,15448,15256,192,127,135,2018-07-01
NA,沖縄,NA,18816,18730,86,24301,24177,124,241,166,2018-07-01
指定都市（別掲）,NA,NA,NA,NA,NA,NA,NA,NA,NA,NA,2018-07-01
NA,札幌市,NA,54871,54694,177,72368,72152,216,637,561,2018-07-01
NA,仙台市,NA,13604,13526,78,17993,17891,102,191,136,2018-07-01
NA,さいたま市,NA,15338,15254,84,19872,19758,114,159,171,2018-07-01
NA,千葉市,NA,16727,16523,204,20840,20530,310,293,228,2018-07-01
NA,横浜市,NA,53911,53787,124,69974,69790,184,671,621,2018-07-01
NA,川崎市,NA,24080,24034,46,31092,31025,67,293,328,2018-07-01
NA,相模原市,NA,10178,10153,25,13927,13893,34,120,113,2018-07-01
NA,新潟市,NA,9160,9113,47,11935,11878,57,96,92,2018-07-01
NA,静岡市,NA,7191,7109,82,9177,9063,114,78,76,2018-07-01
NA,浜松市,NA,5674,5607,67,7209,7129,80,75,80,2018-07-01
NA,名古屋市,NA,38354,38170,184,47929,47687,242,545,540,2018-07-01
NA,京都市,NA,32691,32298,393,43907,43367,540,345,321,2018-07-01
NA,大阪市,NA,114537,113810,727,139750,138866,884,1322,1310,2018-07-01
NA,堺市,NA,19325,19287,38,25596,25546,50,230,215,2018-07-01
NA,神戸市,NA,34473,34288,185,45969,45701,268,321,320,2018-07-01
NA,岡山市,NA,9978,9931,47,13267,13207,60,91,86,2018-07-01
NA,広島市,NA,18795,18724,71,24988,24897,91,188,215,2018-07-01
NA,北九州市,NA,18437,18357,80,23261,23172,89,162,167,2018-07-01
NA,福岡市,NA,33669,33516,153,43431,43226,205,391,342,2018-07-01
NA,熊本市,NA,11906,11855,51,15353,15288,65,143,150,2018-07-01
中核市　（別掲）,NA,NA,NA,NA,NA,NA,NA,NA,NA,NA,2018-07-01
NA,旭川市,NA,9928,9895,33,12621,12576,45,52,79,2018-07-01
NA,函館市,NA,9385,9368,17,11873,11854,19,85,93,2018-07-01
NA,青森市,NA,6780,6775,5,8528,8523,5,44,43,2018-07-01
NA,八戸市,NA,3624,3604,20,4503,4480,23,31,26,2018-07-01
NA,盛岡市,NA,3749,3720,29,4674,4637,37,46,31,2018-07-01
NA,秋田市,NA,4302,4296,6,5377,5369,8,38,24,2018-07-01
NA,郡山市,NA,2655,2653,2,3306,3304,2,34,22,2018-07-01
NA,いわき市,NA,3282,3263,19,4254,4235,19,42,37,2018-07-01
NA,福島市,NA,2380,2375,5,2937,2932,5,24,26,2018-07-01
NA,宇都宮市,NA,6688,6627,61,8523,8440,83,55,64,2018-07-01
NA,前橋市,NA,3267,3214,53,3948,3871,77,42,32,2018-07-01
NA,高崎市,NA,2921,2901,20,3502,3470,32,46,25,2018-07-01
NA,川越市,NA,3363,3360,3,4394,4390,4,21,33,2018-07-01
NA,越谷市,NA,3154,3144,10,4227,4215,12,42,28,2018-07-01
NA,川口市,NA,8876,8846,30,11519,11477,42,69,76,2018-07-01
NA,船橋市,NA,6994,6943,51,8982,8897,85,74,71,2018-07-01
NA,柏市,NA,3510,3506,4,4563,4558,5,30,25,2018-07-01
NA,八王子市,NA,7438,7429,9,9561,9550,11,42,65,2018-07-01
NA,横須賀市,NA,4014,3981,33,5186,5121,65,29,24,2018-07-01
NA,富山市,NA,1682,1678,4,1921,1917,4,30,17,2018-07-01
NA,金沢市,NA,3608,3584,24,4243,4213,30,30,34,2018-07-01
NA,長野市,NA,2587,2569,18,3286,3264,22,26,28,2018-07-01
NA,岐阜市,NA,5322,5274,48,6520,6458,62,53,32,2018-07-01
NA,豊橋市,NA,1751,1739,12,2109,2097,12,16,18,2018-07-01
NA,豊田市,NA,1724,1709,15,2336,2317,19,12,19,2018-07-01
NA,岡崎市,NA,1563,1555,8,2000,1989,11,26,15,2018-07-01
NA,大津市,NA,3068,3047,21,4049,4022,27,25,25,2018-07-01
NA,高槻市,NA,4285,4269,16,6051,6022,29,42,34,2018-07-01
NA,東大阪市,NA,14380,14308,72,19037,18941,96,127,117,2018-07-01
NA,豊中市,NA,7652,7611,41,10156,10084,72,62,46,2018-07-01
NA,枚方市,NA,5755,5728,27,7835,7794,41,62,53,2018-07-01
NA,八尾市,NA,5769,5767,2,7840,7836,4,64,55,2018-07-01
NA,姫路市,NA,6763,6742,21,8653,8625,28,67,53,2018-07-01
NA,西宮市,NA,5970,5898,72,8051,7924,127,36,45,2018-07-01
NA,尼崎市,NA,13977,13941,36,18255,18202,53,128,116,2018-07-01
NA,明石市,NA,3947,3933,14,5326,5306,20,33,42,2018-07-01
NA,奈良市,NA,5461,5386,75,7461,7351,110,51,33,2018-07-01
NA,和歌山市,NA,7778,7762,16,9333,9315,18,69,69,2018-07-01
NA,鳥取市,NA,2260,2235,25,3151,3100,51,18,23,2018-07-01
NA,松江市,NA,2108,2099,9,2757,2736,21,21,25,2018-07-01
NA,倉敷市,NA,5293,5278,15,7254,7235,19,56,56,2018-07-01
NA,福山市,NA,4849,4837,12,6381,6365,16,45,38,2018-07-01
NA,呉市,NA,2865,2833,32,3601,3564,37,18,20,2018-07-01
NA,下関市,NA,3382,3365,17,4203,4177,26,33,26,2018-07-01
NA,高松市,NA,4846,4809,37,6169,6120,49,54,24,2018-07-01
NA,松山市,NA,9851,9841,10,12072,12058,14,77,74,2018-07-01
NA,高知市,NA,9200,9135,65,11871,11788,83,67,59,2018-07-01
NA,久留米市,NA,5191,5179,12,6700,6687,13,43,42,2018-07-01
NA,長崎市,NA,9498,9438,60,12599,12527,72,46,64,2018-07-01
NA,佐世保市,NA,4128,4118,10,5321,5309,12,32,32,2018-07-01
NA,大分市,NA,6898,6845,53,8542,8466,76,62,35,2018-07-01
NA,宮崎市,NA,6879,6861,18,8729,8710,19,60,51,2018-07-01
NA,鹿児島市,NA,11696,11575,121,15205,15019,186,114,99,2018-07-01
NA,那覇市,NA,9772,9756,16,12671,12654,17,91,56,2018-07-01
