...1,...2,被保護世帯数...3,被保護世帯数...4,被保護世帯数...5,被保護実人員...6,被保護実人員...7,被保護実人員...8,保護開始世帯数,保護廃止世帯数,year_month
全国,全国,1638184,1630899,7285,2049630,2040156,9474,16072,17557,2021-01-01
都道府県,北海道,47309,47243,66,59929,59851,78,351,431,2021-01-01
都道府県,青森県,13555,13537,18,16346,16328,18,113,135,2021-01-01
都道府県,岩手県,6627,6601,26,8183,8149,34,63,85,2021-01-01
都道府県,宮城県,8654,8611,43,11152,11101,51,110,105,2021-01-01
都道府県,秋田県,6671,6647,24,8343,8317,26,46,71,2021-01-01
都道府県,山形県,4782,4756,26,5721,5690,31,49,64,2021-01-01
都道府県,福島県,5412,5382,30,6566,6536,30,70,71,2021-01-01
都道府県,茨城県,18900,18800,100,23112,22986,126,226,214,2021-01-01
都道府県,栃木県,9798,9737,61,11808,11736,72,106,108,2021-01-01
都道府県,群馬県,6234,6203,31,7338,7300,38,65,76,2021-01-01
都道府県,埼玉県,45120,44987,133,57193,57036,157,509,530,2021-01-01
都道府県,千葉県,41865,41685,180,52739,52513,226,466,427,2021-01-01
都道府県,東京都,224148,223335,813,272822,271711,1111,2239,2265,2021-01-01
都道府県,神奈川県,27920,27803,117,35427,35265,162,326,340,2021-01-01
都道府県,新潟県,7076,7027,49,8797,8730,67,66,78,2021-01-01
都道府県,富山県,1407,1377,30,1588,1552,36,15,15,2021-01-01
都道府県,石川県,2579,2555,24,2973,2946,27,22,23,2021-01-01
都道府県,福井県,1381,1360,21,1598,1575,23,18,16,2021-01-01
都道府県,山梨県,3412,3364,48,4200,4143,57,43,42,2021-01-01
都道府県,長野県,6392,6359,33,7710,7675,35,79,95,2021-01-01
都道府県,岐阜県,4516,4462,54,5504,5441,63,56,63,2021-01-01
都道府県,静岡県,12647,12522,125,15320,15150,170,156,147,2021-01-01
都道府県,愛知県,17957,17803,154,22554,22359,195,241,230,2021-01-01
都道府県,三重県,12640,12572,68,15686,15599,87,130,178,2021-01-01
都道府県,滋賀県,5219,5193,26,7023,6989,34,70,63,2021-01-01
都道府県,京都府,9986,9918,68,13600,13496,104,111,116,2021-01-01
都道府県,大阪府,40545,40404,141,52644,52458,186,374,443,2021-01-01
都道府県,兵庫県,13934,13869,65,17922,17833,89,142,125,2021-01-01
都道府県,奈良県,8965,8922,43,11609,11556,53,51,95,2021-01-01
都道府県,和歌山県,4803,4767,36,5755,5705,50,42,64,2021-01-01
都道府県,鳥取県,3162,3158,4,3845,3841,4,30,40,2021-01-01
都道府県,島根県,2365,2359,6,2865,2859,6,31,27,2021-01-01
都道府県,岡山県,3461,3443,18,4180,4157,23,30,49,2021-01-01
都道府県,広島県,5624,5591,33,7207,7163,44,60,57,2021-01-01
都道府県,山口県,8298,8247,51,10073,10013,60,62,85,2021-01-01
都道府県,徳島県,10376,10336,40,12875,12819,56,62,118,2021-01-01
都道府県,香川県,3212,3187,25,3994,3962,32,35,38,2021-01-01
都道府県,愛媛県,7448,7368,80,8922,8812,110,62,79,2021-01-01
都道府県,高知県,5624,5571,53,6840,6774,66,48,71,2021-01-01
都道府県,福岡県,37187,37059,128,49846,49648,198,265,337,2021-01-01
都道府県,佐賀県,6490,6460,30,7704,7669,35,51,85,2021-01-01
都道府県,長崎県,7737,7695,42,9813,9761,52,70,87,2021-01-01
都道府県,熊本県,7444,7399,45,9272,9208,64,74,107,2021-01-01
都道府県,大分県,8898,8812,86,10758,10650,108,53,92,2021-01-01
都道府県,宮崎県,7362,7338,24,9000,8967,33,77,91,2021-01-01
都道府県,鹿児島県,11643,11480,163,14779,14570,209,91,110,2021-01-01
都道府県,沖縄県,20031,19937,94,25249,25113,136,191,211,2021-01-01
指定都市（別掲）,札幌市,55916,55789,127,71628,71476,152,610,617,2021-01-01
指定都市（別掲）,仙台市,14226,14128,98,18351,18212,139,146,138,2021-01-01
指定都市（別掲）,さいたま市,15503,15453,50,19579,19510,69,150,174,2021-01-01
指定都市（別掲）,千葉市,17377,17221,156,21210,21009,201,276,277,2021-01-01
指定都市（別掲）,横浜市,54690,54602,88,68994,68886,108,675,675,2021-01-01
指定都市（別掲）,川崎市,23836,23803,33,29877,29834,43,281,309,2021-01-01
指定都市（別掲）,相模原市,10674,10642,32,13897,13849,48,133,99,2021-01-01
指定都市（別掲）,新潟市,9265,9234,31,11809,11774,35,78,86,2021-01-01
指定都市（別掲）,静岡市,7551,7478,73,9416,9332,84,91,92,2021-01-01
指定都市（別掲）,浜松市,5728,5668,60,7156,7082,74,83,78,2021-01-01
指定都市（別掲）,名古屋市,38534,38294,240,47317,47022,295,471,532,2021-01-01
指定都市（別掲）,京都市,32150,31770,380,42005,41503,502,326,382,2021-01-01
指定都市（別掲）,大阪市,112441,111883,558,134348,133690,658,1161,1268,2021-01-01
指定都市（別掲）,堺市,19291,19257,34,24868,24824,44,193,208,2021-01-01
指定都市（別掲）,神戸市,33898,33739,159,44066,43873,193,292,312,2021-01-01
指定都市（別掲）,岡山市,9797,9770,27,12734,12694,40,77,98,2021-01-01
指定都市（別掲）,広島市,18410,18337,73,23758,23654,104,148,177,2021-01-01
指定都市（別掲）,北九州市,18255,18187,68,22559,22472,87,126,180,2021-01-01
指定都市（別掲）,福岡市,33635,33501,134,42524,42340,184,350,384,2021-01-01
指定都市（別掲）,熊本市,12019,11989,30,15058,15020,38,117,161,2021-01-01
中核市（別掲）,旭川市,9844,9819,25,12131,12103,28,51,76,2021-01-01
中核市（別掲）,函館市,9358,9350,8,11512,11504,8,98,72,2021-01-01
中核市（別掲）,青森市,6751,6749,2,8301,8299,2,44,55,2021-01-01
中核市（別掲）,八戸市,3434,3426,8,4195,4186,9,19,32,2021-01-01
中核市（別掲）,盛岡市,3842,3833,9,4617,4606,11,40,34,2021-01-01
中核市（別掲）,秋田市,4284,4280,4,5271,5267,4,30,32,2021-01-01
中核市（別掲）,山形市,1790,1776,14,2166,2152,14,12,24,2021-01-01
中核市（別掲）,郡山市,2763,2760,3,3324,3321,3,48,34,2021-01-01
中核市（別掲）,いわき市,3352,3345,7,4276,4268,8,40,28,2021-01-01
中核市（別掲）,福島市,2564,2562,2,3123,3121,2,28,28,2021-01-01
中核市（別掲）,水戸市,4098,4057,41,5204,5145,59,39,31,2021-01-01
中核市（別掲）,宇都宮市,6680,6640,40,8277,8218,59,61,51,2021-01-01
中核市（別掲）,前橋市,3423,3385,38,4132,4083,49,26,40,2021-01-01
中核市（別掲）,高崎市,2922,2904,18,3446,3427,19,32,50,2021-01-01
中核市（別掲）,川越市,3496,3491,5,4442,4437,5,34,40,2021-01-01
中核市（別掲）,越谷市,3403,3380,23,4400,4367,33,32,36,2021-01-01
中核市（別掲）,川口市,9100,9069,31,11557,11513,44,75,80,2021-01-01
中核市（別掲）,船橋市,7227,7206,21,9095,9064,31,65,81,2021-01-01
中核市（別掲）,柏市,3816,3812,4,4822,4817,5,59,44,2021-01-01
中核市（別掲）,八王子市,7510,7502,8,9434,9425,9,75,64,2021-01-01
中核市（別掲）,横須賀市,4167,4136,31,5309,5268,41,44,49,2021-01-01
中核市（別掲）,富山市,1992,1988,4,2293,2289,4,30,15,2021-01-01
中核市（別掲）,金沢市,3520,3503,17,4048,4026,22,34,21,2021-01-01
中核市（別掲）,福井市,2076,2051,25,2577,2544,33,16,23,2021-01-01
中核市（別掲）,甲府市,2371,2356,15,2839,2823,16,30,24,2021-01-01
中核市（別掲）,長野市,2651,2630,21,3285,3253,32,34,32,2021-01-01
中核市（別掲）,岐阜市,5110,5091,19,6137,6115,22,35,49,2021-01-01
中核市（別掲）,豊橋市,1737,1726,11,2085,2074,11,22,17,2021-01-01
中核市（別掲）,豊田市,1800,1788,12,2401,2380,21,17,17,2021-01-01
中核市（別掲）,岡崎市,1740,1720,20,2174,2152,22,27,25,2021-01-01
中核市（別掲）,大津市,3041,3029,12,3887,3873,14,21,20,2021-01-01
中核市（別掲）,高槻市,4291,4280,11,5789,5767,22,52,46,2021-01-01
中核市（別掲）,東大阪市,13826,13787,39,17628,17576,52,110,129,2021-01-01
中核市（別掲）,豊中市,7551,7518,33,9690,9650,40,56,64,2021-01-01
中核市（別掲）,枚方市,5723,5703,20,7508,7478,30,50,38,2021-01-01
中核市（別掲）,八尾市,5959,5958,1,7752,7751,1,57,58,2021-01-01
中核市（別掲）,寝屋川市,5524,5492,32,7208,7151,57,50,34,2021-01-01
中核市（別掲）,吹田市,4332,4331,1,5640,5637,3,30,31,2021-01-01
中核市（別掲）,姫路市,6628,6613,15,8205,8186,19,37,55,2021-01-01
中核市（別掲）,西宮市,5949,5899,50,7820,7726,94,60,46,2021-01-01
中核市（別掲）,尼崎市,13682,13662,20,17451,17426,25,112,132,2021-01-01
中核市（別掲）,明石市,3885,3869,16,5104,5086,18,36,45,2021-01-01
中核市（別掲）,奈良市,5441,5389,52,7191,7103,88,36,31,2021-01-01
中核市（別掲）,和歌山市,7489,7469,20,8971,8942,29,63,82,2021-01-01
中核市（別掲）,鳥取市,2146,2125,21,2804,2780,24,17,26,2021-01-01
中核市（別掲）,松江市,2076,2066,10,2668,2655,13,21,19,2021-01-01
中核市（別掲）,倉敷市,5332,5325,7,7092,7082,10,48,50,2021-01-01
中核市（別掲）,福山市,4754,4742,12,6057,6045,12,42,44,2021-01-01
中核市（別掲）,呉市,2732,2720,12,3401,3384,17,18,28,2021-01-01
中核市（別掲）,下関市,3142,3130,12,3839,3824,15,18,27,2021-01-01
中核市（別掲）,高松市,4991,4932,59,6246,6176,70,40,54,2021-01-01
中核市（別掲）,松山市,9544,9534,10,11487,11477,10,58,95,2021-01-01
中核市（別掲）,高知市,8814,8772,42,11098,11033,65,47,72,2021-01-01
中核市（別掲）,久留米市,5225,5214,11,6548,6532,16,44,37,2021-01-01
中核市（別掲）,長崎市,9367,9312,55,12137,12070,67,54,73,2021-01-01
中核市（別掲）,佐世保市,3986,3974,12,5021,5005,16,29,32,2021-01-01
中核市（別掲）,大分市,7033,6970,63,8448,8380,68,36,82,2021-01-01
中核市（別掲）,宮崎市,6856,6835,21,8495,8474,21,48,59,2021-01-01
中核市（別掲）,鹿児島市,11709,11616,93,14865,14716,149,69,104,2021-01-01
中核市（別掲）,那覇市,10323,10312,11,13169,13156,13,85,94,2021-01-01
