"unemp_benefit_number_total","unemp_benefit_number_male","unemp_benefit_number_female","unemp_benefit_yen_total","unemp_benefit_yen_male","unemp_benefit_yen_female","id","date","year","prefec_kanji","prefec"
337884,140770,197114,38077176978,18055164486,20022012492,99,"2017-04-01",2017,"全国","zenkoku"
17088,6651,10437,1750123812,794359351,955764461,1,"2017-04-01",2017,"北海道","Hokkaido"
4639,2012,2627,466488324,232515350,233972974,2,"2017-04-01",2017,"青森","Aomori"
3698,1606,2092,360312126,185820926,174491200,3,"2017-04-01",2017,"岩手","Iwate"
6535,2612,3923,726259618,339549770,386709848,4,"2017-04-01",2017,"宮城","Miyagi"
3130,1388,1742,298742969,152569336,146173633,5,"2017-04-01",2017,"秋田","Akita"
2865,1248,1617,288602214,141892251,146709963,6,"2017-04-01",2017,"山形","Yamagata"
5540,2688,2852,611070420,334160754,276909666,7,"2017-04-01",2017,"福島","Fukushima"
6466,2866,3600,737907345,375103890,362803455,8,"2017-04-01",2017,"茨城","Ibaraki"
5083,2300,2783,572550689,294210990,278339699,9,"2017-04-01",2017,"栃木","Tochigi"
4415,1921,2494,490250836,240847172,249403664,10,"2017-04-01",2017,"群馬","Gunma"
16529,7518,9011,1931833831,983420114,948413717,11,"2017-04-01",2017,"埼玉","Saitama"
13571,6043,7528,1719247569,858473057,860774512,12,"2017-04-01",2017,"千葉","Chiba"
31850,13457,18393,4115160641,1893829030,2221331611,13,"2017-04-01",2017,"東京","Tokyo"
21415,9669,11746,2814336100,1418575662,1395760438,14,"2017-04-01",2017,"神奈川","Kanagawa"
6061,2479,3582,644938489,304689255,340249234,15,"2017-04-01",2017,"新潟","Niigata"
2471,955,1516,256723586,111353897,145369689,16,"2017-04-01",2017,"富山","Toyama"
3088,1127,1961,328578985,133877048,194701937,17,"2017-04-01",2017,"石川","Ishikawa"
1877,736,1141,201187469,90229312,110958157,18,"2017-04-01",2017,"福井","Fukui"
1966,816,1150,216366246,102307898,114058348,19,"2017-04-01",2017,"山梨","Yamanashi"
5518,2327,3191,567616001,271432909,296183092,20,"2017-04-01",2017,"長野","Nagano"
4528,1874,2654,466381058,222524650,243856408,21,"2017-04-01",2017,"岐阜","Gifu"
9538,4142,5396,1027945868,504512509,523433359,22,"2017-04-01",2017,"静岡","Shizuoka"
17581,7215,10366,2078016242,962305239,1115711003,23,"2017-04-01",2017,"愛知","Aichi"
5357,2162,3195,571594764,268865549,302729215,24,"2017-04-01",2017,"三重","Mie"
4157,1670,2487,438095844,201763954,236331890,25,"2017-04-01",2017,"滋賀","Shiga"
6912,2759,4153,799495165,365771758,433723407,26,"2017-04-01",2017,"京都","Kyoto"
24956,10251,14705,2971791013,1384187810,1587603203,27,"2017-04-01",2017,"大阪","Osaka"
15636,6453,9183,1735226077,820622992,914603085,28,"2017-04-01",2017,"兵庫","Hyogo"
3371,1456,1915,383761625,188524508,195237117,29,"2017-04-01",2017,"奈良","Nara"
2837,1166,1671,288069291,136072536,151996755,30,"2017-04-01",2017,"和歌山","Wakayama"
1698,737,961,160592595,79389596,81202999,31,"2017-04-01",2017,"鳥取","Tottori"
1960,830,1130,177136478,84631495,92504983,32,"2017-04-01",2017,"島根","Shimane"
5473,2196,3277,577444057,263414566,314029491,33,"2017-04-01",2017,"岡山","Okayama"
7965,3076,4889,854742104,379357199,475384905,34,"2017-04-01",2017,"広島","Hiroshima"
3409,1275,2134,374377728,163813825,210563903,35,"2017-04-01",2017,"山口","Yamaguchi"
2094,935,1159,219927311,110327602,109599709,36,"2017-04-01",2017,"徳島","Tokushima"
2687,1077,1610,274803849,126282929,148520920,37,"2017-04-01",2017,"香川","Kagawa"
3586,1490,2096,376740319,180990716,195749603,38,"2017-04-01",2017,"愛媛","Ehime"
2601,1023,1578,249249017,113424195,135824822,39,"2017-04-01",2017,"高知","Kochi"
16679,6400,10279,1867903988,825500457,1042403531,40,"2017-04-01",2017,"福岡","Fukuoka"
2475,926,1549,245410416,107298172,138112244,41,"2017-04-01",2017,"佐賀","Saga"
4546,1678,2868,434032469,188998034,245034435,42,"2017-04-01",2017,"長崎","Nagasaki"
6749,2620,4129,660447560,298841915,361605645,43,"2017-04-01",2017,"熊本","Kumamoto"
4011,1589,2422,392329809,183414724,208915085,44,"2017-04-01",2017,"大分","Oita"
3540,1433,2107,344327761,162571557,181756204,45,"2017-04-01",2017,"宮崎","Miyazaki"
5633,2159,3474,560625411,257194417,303430994,46,"2017-04-01",2017,"鹿児島","Kagoshima"
4100,1759,2341,448411889,215343610,233068279,47,"2017-04-01",2017,"沖縄","Okinawa"
392176,157306,234870,45868783207,21286926726,24581856481,99,"2017-05-01",2017,"全国","zenkoku"
21015,7526,13489,2306047117,978767192,1327279925,1,"2017-05-01",2017,"北海道","Hokkaido"
5586,2272,3314,608195156,287009205,321185951,2,"2017-05-01",2017,"青森","Aomori"
4414,1786,2628,459872008,219036276,240835732,3,"2017-05-01",2017,"岩手","Iwate"
7537,2912,4625,843854204,387279264,456574940,4,"2017-05-01",2017,"宮城","Miyagi"
3594,1575,2019,376952439,189600096,187352343,5,"2017-05-01",2017,"秋田","Akita"
3667,1489,2178,405683143,187347683,218335460,6,"2017-05-01",2017,"山形","Yamagata"
6895,3211,3684,821936106,442518348,379417758,7,"2017-05-01",2017,"福島","Fukushima"
7664,3317,4347,931885510,472488043,459397467,8,"2017-05-01",2017,"茨城","Ibaraki"
5414,2373,3041,638799478,317634985,321164493,9,"2017-05-01",2017,"栃木","Tochigi"
4984,2113,2871,589041826,288101998,300939828,10,"2017-05-01",2017,"群馬","Gunma"
19253,8596,10657,2431191226,1247895174,1183296052,11,"2017-05-01",2017,"埼玉","Saitama"
15373,6650,8723,1970266619,977101849,993164770,12,"2017-05-01",2017,"千葉","Chiba"
36945,15298,21647,4884321684,2241156605,2643165079,13,"2017-05-01",2017,"東京","Tokyo"
23052,10133,12919,2981422561,1489536967,1491885594,14,"2017-05-01",2017,"神奈川","Kanagawa"
7082,2824,4258,761541956,344237507,417304449,15,"2017-05-01",2017,"新潟","Niigata"
2996,1134,1862,343299883,147844845,195455038,16,"2017-05-01",2017,"富山","Toyama"
3649,1303,2346,410175408,164369562,245805846,17,"2017-05-01",2017,"石川","Ishikawa"
2075,795,1280,231519302,105851446,125667856,18,"2017-05-01",2017,"福井","Fukui"
2189,879,1310,250181869,115204724,134977145,19,"2017-05-01",2017,"山梨","Yamanashi"
6699,2686,4013,744654151,341066440,403587711,20,"2017-05-01",2017,"長野","Nagano"
5356,2132,3224,607413033,282880938,324532095,21,"2017-05-01",2017,"岐阜","Gifu"
10898,4517,6381,1282850861,617623626,665227235,22,"2017-05-01",2017,"静岡","Shizuoka"
19991,7955,12036,2372802856,1082653597,1290149259,23,"2017-05-01",2017,"愛知","Aichi"
6320,2500,3820,724223015,331214417,393008598,24,"2017-05-01",2017,"三重","Mie"
5032,1937,3095,579385203,264377114,315008089,25,"2017-05-01",2017,"滋賀","Shiga"
8025,3055,4970,931861004,406495770,525365234,26,"2017-05-01",2017,"京都","Kyoto"
27080,10753,16327,3211595453,1461415690,1750179763,27,"2017-05-01",2017,"大阪","Osaka"
18265,7197,11068,2176564771,1006913991,1169650780,28,"2017-05-01",2017,"兵庫","Hyogo"
4064,1734,2330,479875902,237814053,242061849,29,"2017-05-01",2017,"奈良","Nara"
3005,1193,1812,326970416,155762144,171208272,30,"2017-05-01",2017,"和歌山","Wakayama"
2185,873,1312,229040348,106334499,122705849,31,"2017-05-01",2017,"鳥取","Tottori"
2377,915,1462,254432253,111504299,142927954,32,"2017-05-01",2017,"島根","Shimane"
6417,2520,3897,723601262,333883831,389717431,33,"2017-05-01",2017,"岡山","Okayama"
9501,3540,5961,1085655310,473089736,612565574,34,"2017-05-01",2017,"広島","Hiroshima"
4091,1476,2615,442523529,184867497,257656032,35,"2017-05-01",2017,"山口","Yamaguchi"
2474,992,1482,274830400,123564724,151265676,36,"2017-05-01",2017,"徳島","Tokushima"
3268,1229,2039,351065028,151810725,199254303,37,"2017-05-01",2017,"香川","Kagawa"
4257,1686,2571,471098761,215569586,255529175,38,"2017-05-01",2017,"愛媛","Ehime"
3019,1100,1919,318509022,132957022,185552000,39,"2017-05-01",2017,"高知","Kochi"
19401,7163,12238,2188574807,945971512,1242603295,40,"2017-05-01",2017,"福岡","Fukuoka"
3145,1113,2032,335745861,144076711,191669150,41,"2017-05-01",2017,"佐賀","Saga"
5207,1911,3296,526673957,227367643,299306314,42,"2017-05-01",2017,"長崎","Nagasaki"
8237,3008,5229,843600299,368030234,475570065,43,"2017-05-01",2017,"熊本","Kumamoto"
4803,1779,3024,499566871,217396445,282170426,44,"2017-05-01",2017,"大分","Oita"
4395,1693,2702,468949853,216211900,252737953,45,"2017-05-01",2017,"宮崎","Miyazaki"
6393,2430,3963,651271448,296609905,354661543,46,"2017-05-01",2017,"鹿児島","Kagoshima"
4887,2033,2854,519260038,246480908,272779130,47,"2017-05-01",2017,"沖縄","Okinawa"
399379,157368,242011,47350795142,21415981584,25934813558,99,"2017-06-01",2017,"全国","zenkoku"
20734,7028,13706,2296008331,909076945,1386931386,1,"2017-06-01",2017,"北海道","Hokkaido"
5573,2185,3388,603950558,272089035,331861523,2,"2017-06-01",2017,"青森","Aomori"
4456,1764,2692,489526656,225524151,264002505,3,"2017-06-01",2017,"岩手","Iwate"
7812,2942,4870,884803029,392678490,492124539,4,"2017-06-01",2017,"宮城","Miyagi"
3672,1564,2108,415760807,202443587,213317220,5,"2017-06-01",2017,"秋田","Akita"
3608,1455,2153,406757579,185353489,221404090,6,"2017-06-01",2017,"山形","Yamagata"
6942,3138,3804,813158426,419767015,393391411,7,"2017-06-01",2017,"福島","Fukushima"
7677,3252,4425,931409066,452120793,479288273,8,"2017-06-01",2017,"茨城","Ibaraki"
5931,2559,3372,729806771,356320878,373485893,9,"2017-06-01",2017,"栃木","Tochigi"
5110,2145,2965,596105666,290428136,305677530,10,"2017-06-01",2017,"群馬","Gunma"
19339,8472,10867,2412005959,1210661594,1201344365,11,"2017-06-01",2017,"埼玉","Saitama"
15933,6732,9201,2020036910,972153508,1047883402,12,"2017-06-01",2017,"千葉","Chiba"
36284,14876,21408,4631729714,2095257171,2536472543,13,"2017-06-01",2017,"東京","Tokyo"
24898,10783,14115,3300038371,1638719007,1661319364,14,"2017-06-01",2017,"神奈川","Kanagawa"
7178,2786,4392,826089941,363793018,462296923,15,"2017-06-01",2017,"新潟","Niigata"
2918,1087,1831,348015264,144636701,203378563,16,"2017-06-01",2017,"富山","Toyama"
3763,1328,2435,445513022,177510720,268002302,17,"2017-06-01",2017,"石川","Ishikawa"
2123,771,1352,236442347,99159451,137282896,18,"2017-06-01",2017,"福井","Fukui"
2247,911,1336,276620614,129275703,147344911,19,"2017-06-01",2017,"山梨","Yamanashi"
6826,2671,4155,792190068,349732108,442457960,20,"2017-06-01",2017,"長野","Nagano"
5348,2115,3233,599060845,274367409,324693436,21,"2017-06-01",2017,"岐阜","Gifu"
11026,4516,6510,1286399848,597353159,689046689,22,"2017-06-01",2017,"静岡","Shizuoka"
20549,8043,12506,2524311404,1126224736,1398086668,23,"2017-06-01",2017,"愛知","Aichi"
6256,2455,3801,720722425,330365577,390356848,24,"2017-06-01",2017,"三重","Mie"
4918,1907,3011,565585077,253374634,312210443,25,"2017-06-01",2017,"滋賀","Shiga"
8222,3111,5111,984709390,426004546,558704844,26,"2017-06-01",2017,"京都","Kyoto"
28651,11140,17511,3528967173,1565388891,1963578282,27,"2017-06-01",2017,"大阪","Osaka"
18543,7194,11349,2193270173,993202217,1200067956,28,"2017-06-01",2017,"兵庫","Hyogo"
4340,1811,2529,522962533,252323658,270638875,29,"2017-06-01",2017,"奈良","Nara"
3125,1235,1890,340783805,154851957,185931848,30,"2017-06-01",2017,"和歌山","Wakayama"
2079,804,1275,226710620,100533897,126176723,31,"2017-06-01",2017,"鳥取","Tottori"
2212,872,1340,240619932,106985081,133634851,32,"2017-06-01",2017,"島根","Shimane"
6362,2452,3910,727276703,314491517,412785186,33,"2017-06-01",2017,"岡山","Okayama"
9611,3471,6140,1099027057,454750368,644276689,34,"2017-06-01",2017,"広島","Hiroshima"
4126,1502,2624,462960169,199132417,263827752,35,"2017-06-01",2017,"山口","Yamaguchi"
2578,1064,1514,290753403,138414383,152339020,36,"2017-06-01",2017,"徳島","Tokushima"
3286,1238,2048,373150050,159780988,213369062,37,"2017-06-01",2017,"香川","Kagawa"
4392,1701,2691,500134089,225754133,274379956,38,"2017-06-01",2017,"愛媛","Ehime"
3052,1149,1903,332386461,143146476,189239985,39,"2017-06-01",2017,"高知","Kochi"
19905,7191,12714,2293881249,961247313,1332633936,40,"2017-06-01",2017,"福岡","Fukuoka"
3169,1115,2054,340839605,137649713,203189892,41,"2017-06-01",2017,"佐賀","Saga"
5360,1910,3450,579684539,242245264,337439275,42,"2017-06-01",2017,"長崎","Nagasaki"
8597,3031,5566,937345380,382822307,554523073,43,"2017-06-01",2017,"熊本","Kumamoto"
4881,1785,3096,519677461,220478231,299199230,44,"2017-06-01",2017,"大分","Oita"
4290,1642,2648,451604919,202072235,249532684,45,"2017-06-01",2017,"宮崎","Miyazaki"
6471,2419,4052,686315403,303732202,382583201,46,"2017-06-01",2017,"鹿児島","Kagoshima"
5006,2046,2960,565686330,262586775,303099555,47,"2017-06-01",2017,"沖縄","Okinawa"
400210,155964,244246,45589779159,20349923520,25239855639,99,"2017-07-01",2017,"全国","zenkoku"
20658,6953,13705,2210646729,871568970,1339077759,1,"2017-07-01",2017,"北海道","Hokkaido"
5435,2051,3384,543445899,242060808,301385091,2,"2017-07-01",2017,"青森","Aomori"
4492,1772,2720,457404722,207292488,250112234,3,"2017-07-01",2017,"岩手","Iwate"
7750,2940,4810,871805038,391562524,480242514,4,"2017-07-01",2017,"宮城","Miyagi"
3733,1538,2195,377056504,179550758,197505746,5,"2017-07-01",2017,"秋田","Akita"
3539,1410,2129,379644748,171352623,208292125,6,"2017-07-01",2017,"山形","Yamagata"
6868,3071,3797,786901412,395073002,391828410,7,"2017-07-01",2017,"福島","Fukushima"
7729,3193,4536,886117150,425238246,460878904,8,"2017-07-01",2017,"茨城","Ibaraki"
5922,2537,3385,681989362,330291529,351697833,9,"2017-07-01",2017,"栃木","Tochigi"
5128,2129,2999,578603470,274332379,304271091,10,"2017-07-01",2017,"群馬","Gunma"
19098,8318,10780,2247500001,1109230673,1138269328,11,"2017-07-01",2017,"埼玉","Saitama"
15825,6591,9234,1994161076,938348383,1055812693,12,"2017-07-01",2017,"千葉","Chiba"
36849,14861,21988,4843893765,2163359757,2680534008,13,"2017-07-01",2017,"東京","Tokyo"
24524,10555,13969,3131890928,1529904549,1601986379,14,"2017-07-01",2017,"神奈川","Kanagawa"
7257,2792,4465,805210741,346043376,459167365,15,"2017-07-01",2017,"新潟","Niigata"
2884,1031,1853,319573902,130785219,188788683,16,"2017-07-01",2017,"富山","Toyama"
3725,1309,2416,401867646,163248788,238618858,17,"2017-07-01",2017,"石川","Ishikawa"
2215,808,1407,232343376,94826500,137516876,18,"2017-07-01",2017,"福井","Fukui"
2244,899,1345,249465007,113385286,136079721,19,"2017-07-01",2017,"山梨","Yamanashi"
6940,2688,4252,740831506,327560951,413270555,20,"2017-07-01",2017,"長野","Nagano"
5427,2120,3307,579838070,259817518,320020552,21,"2017-07-01",2017,"岐阜","Gifu"
11096,4521,6575,1226263135,572183086,654080049,22,"2017-07-01",2017,"静岡","Shizuoka"
20343,7905,12438,2373329309,1036692039,1336637270,23,"2017-07-01",2017,"愛知","Aichi"
6233,2407,3826,667096179,300089265,367006914,24,"2017-07-01",2017,"三重","Mie"
5014,1914,3100,539302402,237524189,301778213,25,"2017-07-01",2017,"滋賀","Shiga"
8381,3110,5271,975679650,415430834,560248816,26,"2017-07-01",2017,"京都","Kyoto"
28283,11017,17266,3349667738,1478956697,1870711041,27,"2017-07-01",2017,"大阪","Osaka"
18638,7035,11603,2055468482,896452893,1159015589,28,"2017-07-01",2017,"兵庫","Hyogo"
4199,1739,2460,496633802,237712311,258921491,29,"2017-07-01",2017,"奈良","Nara"
3215,1279,1936,329094573,150562440,178532133,30,"2017-07-01",2017,"和歌山","Wakayama"
2138,821,1317,215964293,92682854,123281439,31,"2017-07-01",2017,"鳥取","Tottori"
2316,929,1387,227544872,103758296,123786576,32,"2017-07-01",2017,"島根","Shimane"
6422,2456,3966,675757691,297381802,378375889,33,"2017-07-01",2017,"岡山","Okayama"
9668,3462,6206,1041655928,433000748,608655180,34,"2017-07-01",2017,"広島","Hiroshima"
4265,1534,2731,473794579,196934809,276859770,35,"2017-07-01",2017,"山口","Yamaguchi"
2603,1076,1527,281709135,128656238,153052897,36,"2017-07-01",2017,"徳島","Tokushima"
3407,1268,2139,353063696,153181643,199882053,37,"2017-07-01",2017,"香川","Kagawa"
4431,1709,2722,485219120,217059964,268159156,38,"2017-07-01",2017,"愛媛","Ehime"
3147,1170,1977,322340118,134046475,188293643,39,"2017-07-01",2017,"高知","Kochi"
20149,7175,12974,2286348919,941806978,1344541941,40,"2017-07-01",2017,"福岡","Fukuoka"
3251,1152,2099,336721048,140076307,196644741,41,"2017-07-01",2017,"佐賀","Saga"
5437,1935,3502,540537606,224626770,315910836,42,"2017-07-01",2017,"長崎","Nagasaki"
8286,2972,5314,844369666,350056790,494312876,43,"2017-07-01",2017,"熊本","Kumamoto"
4869,1703,3166,499987236,209050226,290937010,44,"2017-07-01",2017,"大分","Oita"
4489,1623,2866,441125334,188449854,252675480,45,"2017-07-01",2017,"宮崎","Miyazaki"
6664,2434,4230,671804847,292703128,379101719,46,"2017-07-01",2017,"鹿児島","Kagoshima"
5024,2052,2972,559108749,256012557,303096192,47,"2017-07-01",2017,"沖縄","Okinawa"
430497,165079,265418,54722736034,24238103338,30484632696,99,"2017-08-01",2017,"全国","zenkoku"
21802,7256,14546,2556477868,1004734760,1551743108,1,"2017-08-01",2017,"北海道","Hokkaido"
5805,2225,3580,682692699,310279409,372413290,2,"2017-08-01",2017,"青森","Aomori"
4670,1829,2841,565929904,252985082,312944822,3,"2017-08-01",2017,"岩手","Iwate"
8401,3150,5251,1024687616,454670190,570017426,4,"2017-08-01",2017,"宮城","Miyagi"
3910,1568,2342,443324203,203974583,239349620,5,"2017-08-01",2017,"秋田","Akita"
3735,1454,2281,466283612,211276711,255006901,6,"2017-08-01",2017,"山形","Yamagata"
7225,3157,4068,935566615,470583895,464982720,7,"2017-08-01",2017,"福島","Fukushima"
8412,3401,5011,1127720264,535743724,591976540,8,"2017-08-01",2017,"茨城","Ibaraki"
6213,2630,3583,796852868,388718859,408134009,9,"2017-08-01",2017,"栃木","Tochigi"
5630,2266,3364,720989750,339436346,381553404,10,"2017-08-01",2017,"群馬","Gunma"
20791,8831,11960,2859932505,1401035169,1458897336,11,"2017-08-01",2017,"埼玉","Saitama"
17269,7029,10240,2397704915,1127993084,1269711831,12,"2017-08-01",2017,"千葉","Chiba"
39719,15794,23925,5652190931,2484859132,3167331799,13,"2017-08-01",2017,"東京","Tokyo"
26814,11257,15557,3681897393,1775736486,1906160907,14,"2017-08-01",2017,"神奈川","Kanagawa"
7657,2875,4782,894150594,381498896,512651698,15,"2017-08-01",2017,"新潟","Niigata"
3143,1151,1992,390784673,162545760,228238913,16,"2017-08-01",2017,"富山","Toyama"
3883,1368,2515,478716597,191513840,287202757,17,"2017-08-01",2017,"石川","Ishikawa"
2332,834,1498,286469870,119015927,167453943,18,"2017-08-01",2017,"福井","Fukui"
2464,954,1510,305378892,135563438,169815454,19,"2017-08-01",2017,"山梨","Yamanashi"
7007,2697,4310,857259615,377062670,480196945,20,"2017-08-01",2017,"長野","Nagano"
6023,2307,3716,743367437,332409280,410958157,21,"2017-08-01",2017,"岐阜","Gifu"
11847,4788,7059,1477869075,684144908,793724167,22,"2017-08-01",2017,"静岡","Shizuoka"
22010,8390,13620,2921715967,1273069959,1648646008,23,"2017-08-01",2017,"愛知","Aichi"
6541,2495,4046,805383508,349928642,455454866,24,"2017-08-01",2017,"三重","Mie"
5148,1935,3213,662513046,288048861,374464185,25,"2017-08-01",2017,"滋賀","Shiga"
9129,3341,5788,1152621956,493193845,659428111,26,"2017-08-01",2017,"京都","Kyoto"
31160,11595,19565,3943177145,1682304368,2260872777,27,"2017-08-01",2017,"大阪","Osaka"
20274,7509,12765,2622396200,1135100465,1487295735,28,"2017-08-01",2017,"兵庫","Hyogo"
4601,1887,2714,563393044,269788883,293604161,29,"2017-08-01",2017,"奈良","Nara"
3389,1326,2063,396298893,178659733,217639160,30,"2017-08-01",2017,"和歌山","Wakayama"
2293,896,1397,260466270,116897159,143569111,31,"2017-08-01",2017,"鳥取","Tottori"
2475,987,1488,292939674,132671613,160268061,32,"2017-08-01",2017,"島根","Shimane"
6930,2676,4254,827944632,366736735,461207897,33,"2017-08-01",2017,"岡山","Okayama"
10552,3724,6828,1312103096,539931272,772171824,34,"2017-08-01",2017,"広島","Hiroshima"
4482,1606,2876,553842947,235474274,318368673,35,"2017-08-01",2017,"山口","Yamaguchi"
2813,1177,1636,340505891,161469441,179036450,36,"2017-08-01",2017,"徳島","Tokushima"
3579,1359,2220,415898412,182483210,233415202,37,"2017-08-01",2017,"香川","Kagawa"
5069,1920,3149,599134365,267716066,331418299,38,"2017-08-01",2017,"愛媛","Ehime"
3209,1193,2016,369170617,157692491,211478126,39,"2017-08-01",2017,"高知","Kochi"
21993,7639,14354,2707417781,1103161120,1604256661,40,"2017-08-01",2017,"福岡","Fukuoka"
3470,1199,2271,397672109,161790609,235881500,41,"2017-08-01",2017,"佐賀","Saga"
5801,2075,3726,658980838,270138255,388842583,42,"2017-08-01",2017,"長崎","Nagasaki"
8245,3038,5207,1012022367,429825206,582197161,43,"2017-08-01",2017,"熊本","Kumamoto"
5071,1787,3284,566295639,231885349,334410290,44,"2017-08-01",2017,"大分","Oita"
4914,1775,3139,563972233,240241170,323731063,45,"2017-08-01",2017,"宮崎","Miyazaki"
7195,2558,4637,811096402,342293620,468802782,46,"2017-08-01",2017,"鹿児島","Kagoshima"
5402,2171,3231,619525106,281818843,337706263,47,"2017-08-01",2017,"沖縄","Okinawa"
402787,155983,246804,47090591427,20864118658,26226472769,99,"2017-09-01",2017,"全国","zenkoku"
20029,6795,13234,2204315644,870180021,1334135623,1,"2017-09-01",2017,"北海道","Hokkaido"
5388,2072,3316,555255707,250649822,304605885,2,"2017-09-01",2017,"青森","Aomori"
4379,1777,2602,472843595,218955325,253888270,3,"2017-09-01",2017,"岩手","Iwate"
7803,2997,4806,868383423,389381103,479002320,4,"2017-09-01",2017,"宮城","Miyagi"
3737,1518,2219,406275753,189809998,216465755,5,"2017-09-01",2017,"秋田","Akita"
3466,1402,2064,388406978,178627634,209779344,6,"2017-09-01",2017,"山形","Yamagata"
6590,2899,3691,755987226,375722488,380264738,7,"2017-09-01",2017,"福島","Fukushima"
7833,3156,4677,926155825,429116989,497038836,8,"2017-09-01",2017,"茨城","Ibaraki"
5859,2538,3321,699332136,344337251,354994885,9,"2017-09-01",2017,"栃木","Tochigi"
5251,2149,3102,599787129,282709639,317077490,10,"2017-09-01",2017,"群馬","Gunma"
19794,8420,11374,2434404934,1182583076,1251821858,11,"2017-09-01",2017,"埼玉","Saitama"
16242,6588,9654,2006238771,920328914,1085909857,12,"2017-09-01",2017,"千葉","Chiba"
36885,14680,22205,4819943290,2123689098,2696254192,13,"2017-09-01",2017,"東京","Tokyo"
25561,10755,14806,3347201315,1609528883,1737672432,14,"2017-09-01",2017,"神奈川","Kanagawa"
7150,2747,4403,817328396,351542822,465785574,15,"2017-09-01",2017,"新潟","Niigata"
3091,1113,1978,358492869,144766196,213726673,16,"2017-09-01",2017,"富山","Toyama"
3699,1293,2406,418250355,168101910,250148445,17,"2017-09-01",2017,"石川","Ishikawa"
2222,818,1404,241541148,103271653,138269495,18,"2017-09-01",2017,"福井","Fukui"
2373,920,1453,285645888,125707744,159938144,19,"2017-09-01",2017,"山梨","Yamanashi"
6519,2470,4049,752585873,325980499,426605374,20,"2017-09-01",2017,"長野","Nagano"
5851,2286,3565,653717974,293808038,359909936,21,"2017-09-01",2017,"岐阜","Gifu"
11239,4537,6702,1306472358,601099916,705372442,22,"2017-09-01",2017,"静岡","Shizuoka"
20786,7963,12823,2515464387,1092347294,1423117093,23,"2017-09-01",2017,"愛知","Aichi"
6093,2376,3717,686258274,304725274,381533000,24,"2017-09-01",2017,"三重","Mie"
4686,1782,2904,535409763,233528783,301880980,25,"2017-09-01",2017,"滋賀","Shiga"
8509,3167,5342,996291140,419750534,576540606,26,"2017-09-01",2017,"京都","Kyoto"
29610,11085,18525,3610671393,1541539457,2069131936,27,"2017-09-01",2017,"大阪","Osaka"
18922,7210,11712,2174233142,960268565,1213964577,28,"2017-09-01",2017,"兵庫","Hyogo"
4236,1738,2498,503754512,235941097,267813415,29,"2017-09-01",2017,"奈良","Nara"
3261,1258,2003,357623911,160188349,197435562,30,"2017-09-01",2017,"和歌山","Wakayama"
2091,863,1228,227927118,105562118,122365000,31,"2017-09-01",2017,"鳥取","Tottori"
2267,929,1338,247690587,113268632,134421955,32,"2017-09-01",2017,"島根","Shimane"
6488,2542,3946,707132413,314824298,392308115,33,"2017-09-01",2017,"岡山","Okayama"
9789,3520,6269,1079229664,444101994,635127670,34,"2017-09-01",2017,"広島","Hiroshima"
4220,1554,2666,458935344,195757505,263177839,35,"2017-09-01",2017,"山口","Yamaguchi"
2590,1097,1493,287012901,136036278,150976623,36,"2017-09-01",2017,"徳島","Tokushima"
3337,1268,2069,374411183,159465977,214945206,37,"2017-09-01",2017,"香川","Kagawa"
4698,1796,2902,517213752,231751491,285462261,38,"2017-09-01",2017,"愛媛","Ehime"
2924,1136,1788,322518103,140935488,181582615,39,"2017-09-01",2017,"高知","Kochi"
20419,7106,13313,2267152347,921543538,1345608809,40,"2017-09-01",2017,"福岡","Fukuoka"
3203,1150,2053,344281413,142553655,201727758,41,"2017-09-01",2017,"佐賀","Saga"
5424,1980,3444,574673284,243227851,331445433,42,"2017-09-01",2017,"長崎","Nagasaki"
7398,2791,4607,786545545,342833957,443711588,43,"2017-09-01",2017,"熊本","Kumamoto"
4702,1722,2980,492601104,207717984,284883120,44,"2017-09-01",2017,"大分","Oita"
4568,1656,2912,472225086,198311242,273913844,45,"2017-09-01",2017,"宮崎","Miyazaki"
6779,2437,4342,712747700,300306856,412440844,46,"2017-09-01",2017,"鹿児島","Kagoshima"
4826,1927,2899,520020774,237731422,282289352,47,"2017-09-01",2017,"沖縄","Okinawa"
401399,156087,245312,48738590316,21600989371,27137600945,99,"2017-10-01",2017,"全国","zenkoku"
19878,6805,13073,2232249029,891603620,1340645409,1,"2017-10-01",2017,"北海道","Hokkaido"
5185,2026,3159,542487078,246858683,295628395,2,"2017-10-01",2017,"青森","Aomori"
4421,1776,2645,477415432,218877109,258538323,3,"2017-10-01",2017,"岩手","Iwate"
7724,2986,4738,919524954,411885939,507639015,4,"2017-10-01",2017,"宮城","Miyagi"
3590,1439,2151,382424918,176911900,205513018,5,"2017-10-01",2017,"秋田","Akita"
3387,1370,2017,388875609,180963553,207912056,6,"2017-10-01",2017,"山形","Yamagata"
6477,2812,3665,768070304,376107632,391962672,7,"2017-10-01",2017,"福島","Fukushima"
7811,3154,4657,941576334,440974588,500601746,8,"2017-10-01",2017,"茨城","Ibaraki"
5782,2514,3268,707705720,346329118,361376602,9,"2017-10-01",2017,"栃木","Tochigi"
5208,2135,3073,634587535,295394681,339192854,10,"2017-10-01",2017,"群馬","Gunma"
19823,8498,11325,2542430288,1226227491,1316202797,11,"2017-10-01",2017,"埼玉","Saitama"
16382,6746,9636,2168597246,1009081845,1159515401,12,"2017-10-01",2017,"千葉","Chiba"
37441,15019,22422,5207552849,2279442621,2928110228,13,"2017-10-01",2017,"東京","Tokyo"
25462,10752,14710,3528542418,1683902078,1844640340,14,"2017-10-01",2017,"神奈川","Kanagawa"
6926,2747,4179,786852421,353789578,433062843,15,"2017-10-01",2017,"新潟","Niigata"
2956,1055,1901,346707779,139319683,207388096,16,"2017-10-01",2017,"富山","Toyama"
3611,1284,2327,416781831,168347172,248434659,17,"2017-10-01",2017,"石川","Ishikawa"
2195,786,1409,247565172,103509050,144056122,18,"2017-10-01",2017,"福井","Fukui"
2262,904,1358,266839725,122830163,144009562,19,"2017-10-01",2017,"山梨","Yamanashi"
6337,2388,3949,717339851,307656846,409683005,20,"2017-10-01",2017,"長野","Nagano"
5896,2273,3623,687810994,299925809,387885185,21,"2017-10-01",2017,"岐阜","Gifu"
11113,4399,6714,1312652255,589107677,723544578,22,"2017-10-01",2017,"静岡","Shizuoka"
20846,7974,12872,2580714873,1108002783,1472712090,23,"2017-10-01",2017,"愛知","Aichi"
6020,2324,3696,704145778,311081999,393063779,24,"2017-10-01",2017,"三重","Mie"
4723,1809,2914,548599150,238780560,309818590,25,"2017-10-01",2017,"滋賀","Shiga"
8623,3255,5368,1062328525,450761975,611566550,26,"2017-10-01",2017,"京都","Kyoto"
29656,11245,18411,3713224761,1605933512,2107291249,27,"2017-10-01",2017,"大阪","Osaka"
19163,7255,11908,2295788269,1005979402,1289808867,28,"2017-10-01",2017,"兵庫","Hyogo"
4231,1670,2561,510134270,233135735,276998535,29,"2017-10-01",2017,"奈良","Nara"
3229,1240,1989,359831873,160411476,199420397,30,"2017-10-01",2017,"和歌山","Wakayama"
2079,878,1201,221598640,106177199,115421441,31,"2017-10-01",2017,"鳥取","Tottori"
2338,947,1391,252226373,117302991,134923382,32,"2017-10-01",2017,"島根","Shimane"
6450,2558,3892,722933612,329592494,393341118,33,"2017-10-01",2017,"岡山","Okayama"
9705,3488,6217,1127442035,466278233,661163802,34,"2017-10-01",2017,"広島","Hiroshima"
4208,1537,2671,498782417,212483009,286299408,35,"2017-10-01",2017,"山口","Yamaguchi"
2558,1068,1490,299151220,138329840,160821380,36,"2017-10-01",2017,"徳島","Tokushima"
3279,1215,2064,371161609,157439764,213721845,37,"2017-10-01",2017,"香川","Kagawa"
4592,1795,2797,528144100,240934785,287209315,38,"2017-10-01",2017,"愛媛","Ehime"
2945,1163,1782,318551015,141791991,176759024,39,"2017-10-01",2017,"高知","Kochi"
20516,7247,13269,2443535181,997333536,1446201645,40,"2017-10-01",2017,"福岡","Fukuoka"
3158,1111,2047,344045197,137265041,206780156,41,"2017-10-01",2017,"佐賀","Saga"
5386,1928,3458,578022761,241390333,336632428,42,"2017-10-01",2017,"長崎","Nagasaki"
7147,2727,4420,760571777,338582844,421988933,43,"2017-10-01",2017,"熊本","Kumamoto"
4656,1706,2950,497152035,212772931,284379104,44,"2017-10-01",2017,"大分","Oita"
4591,1712,2879,493693640,215039310,278654330,45,"2017-10-01",2017,"宮崎","Miyazaki"
6732,2458,4274,733182958,313546185,419636773,46,"2017-10-01",2017,"鹿児島","Kagoshima"
4701,1909,2792,549038505,251594607,297443898,47,"2017-10-01",2017,"沖縄","Okinawa"
383678,150527,233151,47772608772,21383540504,26389068268,99,"2017-11-01",2017,"全国","zenkoku"
19066,6536,12530,2199884828,883209844,1316674984,1,"2017-11-01",2017,"北海道","Hokkaido"
5017,1937,3080,565868466,255152757,310715709,2,"2017-11-01",2017,"青森","Aomori"
4039,1640,2399,467009146,214449801,252559345,3,"2017-11-01",2017,"岩手","Iwate"
7474,2885,4589,904166200,402190122,501976078,4,"2017-11-01",2017,"宮城","Miyagi"
3320,1383,1937,371072586,176444062,194628524,5,"2017-11-01",2017,"秋田","Akita"
3074,1199,1875,356286239,160917750,195368489,6,"2017-11-01",2017,"山形","Yamagata"
6159,2664,3495,756404154,373254396,383149758,7,"2017-11-01",2017,"福島","Fukushima"
7401,2999,4402,952328656,447971014,504357642,8,"2017-11-01",2017,"茨城","Ibaraki"
5390,2327,3063,673890880,331082142,342808738,9,"2017-11-01",2017,"栃木","Tochigi"
4922,2008,2914,608347081,283512263,324834818,10,"2017-11-01",2017,"群馬","Gunma"
19321,8315,11006,2598055399,1272960863,1325094536,11,"2017-11-01",2017,"埼玉","Saitama"
15875,6594,9281,2136759614,996662928,1140096686,12,"2017-11-01",2017,"千葉","Chiba"
36908,15019,21889,5206027550,2325708205,2880319345,13,"2017-11-01",2017,"東京","Tokyo"
24055,10341,13714,3275388769,1582872461,1692516308,14,"2017-11-01",2017,"神奈川","Kanagawa"
6549,2617,3932,758210662,342110108,416100554,15,"2017-11-01",2017,"新潟","Niigata"
2791,1009,1782,339971726,139143584,200828142,16,"2017-11-01",2017,"富山","Toyama"
3437,1226,2211,407969816,165460259,242509557,17,"2017-11-01",2017,"石川","Ishikawa"
2083,765,1318,239544179,101016312,138527867,18,"2017-11-01",2017,"福井","Fukui"
2106,830,1276,259770575,116571136,143199439,19,"2017-11-01",2017,"山梨","Yamanashi"
5963,2296,3667,691869376,301600027,390269349,20,"2017-11-01",2017,"長野","Nagano"
5768,2229,3539,695950740,306625854,389324886,21,"2017-11-01",2017,"岐阜","Gifu"
10849,4334,6515,1327029844,599393447,727636397,22,"2017-11-01",2017,"静岡","Shizuoka"
20064,7818,12246,2605048398,1136591926,1468456472,23,"2017-11-01",2017,"愛知","Aichi"
5785,2285,3500,707820586,321628682,386191904,24,"2017-11-01",2017,"三重","Mie"
4458,1708,2750,551891276,243452890,308438386,25,"2017-11-01",2017,"滋賀","Shiga"
8237,3112,5125,1038513973,451277343,587236630,26,"2017-11-01",2017,"京都","Kyoto"
28356,10872,17484,3554754586,1544380430,2010374156,27,"2017-11-01",2017,"大阪","Osaka"
18292,6947,11345,2285824340,999951025,1285873315,28,"2017-11-01",2017,"兵庫","Hyogo"
4051,1616,2435,487064560,225645537,261419023,29,"2017-11-01",2017,"奈良","Nara"
3069,1200,1869,352210467,160919280,191291187,30,"2017-11-01",2017,"和歌山","Wakayama"
1935,823,1112,217618710,105404844,112213866,31,"2017-11-01",2017,"鳥取","Tottori"
2194,881,1313,252735143,114504338,138230805,32,"2017-11-01",2017,"島根","Shimane"
6139,2428,3711,728730811,324025727,404705084,33,"2017-11-01",2017,"岡山","Okayama"
9356,3413,5943,1119163670,474092795,645070875,34,"2017-11-01",2017,"広島","Hiroshima"
4011,1485,2526,470463982,205429461,265034521,35,"2017-11-01",2017,"山口","Yamaguchi"
2351,985,1366,281225039,133854515,147370524,36,"2017-11-01",2017,"徳島","Tokushima"
3141,1232,1909,355192244,162345999,192846245,37,"2017-11-01",2017,"香川","Kagawa"
4302,1681,2621,497032438,228295015,268737423,38,"2017-11-01",2017,"愛媛","Ehime"
2772,1136,1636,314848517,145994118,168854399,39,"2017-11-01",2017,"高知","Kochi"
19403,6872,12531,2345464229,967929844,1377534385,40,"2017-11-01",2017,"福岡","Fukuoka"
3014,1074,1940,330977044,135069178,195907866,41,"2017-11-01",2017,"佐賀","Saga"
4995,1792,3203,556876949,230714967,326161982,42,"2017-11-01",2017,"長崎","Nagasaki"
6702,2583,4119,753618487,337495404,416123083,43,"2017-11-01",2017,"熊本","Kumamoto"
4415,1687,2728,475296716,210265822,265030894,44,"2017-11-01",2017,"大分","Oita"
4229,1613,2616,480769721,213411547,267358174,45,"2017-11-01",2017,"宮崎","Miyazaki"
6167,2256,3911,675569044,289172015,386397029,46,"2017-11-01",2017,"鹿児島","Kagoshima"
4673,1875,2798,542091356,243378467,298712889,47,"2017-11-01",2017,"沖縄","Okinawa"
359672,143082,216590,39943548906,18155081556,21788467350,99,"2017-12-01",2017,"全国","zenkoku"
18030,6379,11651,1832358533,755489050,1076869483,1,"2017-12-01",2017,"北海道","Hokkaido"
4472,1795,2677,431361905,201549427,229812478,2,"2017-12-01",2017,"青森","Aomori"
3892,1528,2364,389695867,174945916,214749951,3,"2017-12-01",2017,"岩手","Iwate"
7065,2798,4267,795827468,363888505,431938963,4,"2017-12-01",2017,"宮城","Miyagi"
3040,1270,1770,311706908,149241671,162465237,5,"2017-12-01",2017,"秋田","Akita"
2836,1129,1707,296678977,134418793,162260184,6,"2017-12-01",2017,"山形","Yamagata"
5752,2502,3250,621508046,303406354,318101692,7,"2017-12-01",2017,"福島","Fukushima"
6934,2855,4079,768028975,368179842,399849133,8,"2017-12-01",2017,"茨城","Ibaraki"
5007,2183,2824,561939979,276073510,285866469,9,"2017-12-01",2017,"栃木","Tochigi"
4593,1942,2651,498283389,239785342,258498047,10,"2017-12-01",2017,"群馬","Gunma"
18142,7873,10269,2086942709,1024955199,1061987510,11,"2017-12-01",2017,"埼玉","Saitama"
15023,6340,8683,1846178526,881117943,965060583,12,"2017-12-01",2017,"千葉","Chiba"
34198,14126,20072,4107558703,1866542492,2241016211,13,"2017-12-01",2017,"東京","Tokyo"
23348,10159,13189,3000863569,1468056241,1532807328,14,"2017-12-01",2017,"神奈川","Kanagawa"
6182,2509,3673,634511878,287481672,347030206,15,"2017-12-01",2017,"新潟","Niigata"
2586,963,1623,270549240,116997141,153552099,16,"2017-12-01",2017,"富山","Toyama"
3069,1116,1953,329236111,136212147,193023964,17,"2017-12-01",2017,"石川","Ishikawa"
1957,718,1239,213011619,91274750,121736869,18,"2017-12-01",2017,"福井","Fukui"
2055,809,1246,228350613,101826893,126523720,19,"2017-12-01",2017,"山梨","Yamanashi"
5662,2227,3435,600479932,271467486,329012446,20,"2017-12-01",2017,"長野","Nagano"
5290,2073,3217,555382243,246310407,309071836,21,"2017-12-01",2017,"岐阜","Gifu"
10275,4193,6082,1137368933,525337537,612031396,22,"2017-12-01",2017,"静岡","Shizuoka"
18644,7342,11302,2148381612,958489358,1189892254,23,"2017-12-01",2017,"愛知","Aichi"
5443,2158,3285,584874829,268846697,316028132,24,"2017-12-01",2017,"三重","Mie"
4131,1586,2545,432711020,194117647,238593373,25,"2017-12-01",2017,"滋賀","Shiga"
7734,2946,4788,845126337,365805620,479320717,26,"2017-12-01",2017,"京都","Kyoto"
27047,10707,16340,3168616487,1434335298,1734281189,27,"2017-12-01",2017,"大阪","Osaka"
16932,6542,10390,1863270935,836280036,1026990899,28,"2017-12-01",2017,"兵庫","Hyogo"
3750,1489,2261,413861142,191978327,221882815,29,"2017-12-01",2017,"奈良","Nara"
2882,1140,1742,291568419,132622591,158945828,30,"2017-12-01",2017,"和歌山","Wakayama"
1712,688,1024,168164387,76855037,91309350,31,"2017-12-01",2017,"鳥取","Tottori"
2004,809,1195,204232710,90298195,113934515,32,"2017-12-01",2017,"島根","Shimane"
5748,2292,3456,587034760,267571339,319463421,33,"2017-12-01",2017,"岡山","Okayama"
8673,3261,5412,897614369,387730927,509883442,34,"2017-12-01",2017,"広島","Hiroshima"
3717,1373,2344,395625675,173102579,222523096,35,"2017-12-01",2017,"山口","Yamaguchi"
2211,913,1298,236247709,107665758,128581951,36,"2017-12-01",2017,"徳島","Tokushima"
3067,1191,1876,322365557,142398955,179966602,37,"2017-12-01",2017,"香川","Kagawa"
4061,1565,2496,409748868,183344284,226404584,38,"2017-12-01",2017,"愛媛","Ehime"
2581,1042,1539,277950430,124205992,153744438,39,"2017-12-01",2017,"高知","Kochi"
18072,6551,11521,1931742089,816028585,1115713504,40,"2017-12-01",2017,"福岡","Fukuoka"
2825,1015,1810,284787293,118008953,166778340,41,"2017-12-01",2017,"佐賀","Saga"
4607,1668,2939,470741075,200429593,270311482,42,"2017-12-01",2017,"長崎","Nagasaki"
6245,2393,3852,623632831,270842854,352789977,43,"2017-12-01",2017,"熊本","Kumamoto"
4154,1600,2554,422620464,193453502,229166962,44,"2017-12-01",2017,"大分","Oita"
3828,1441,2387,379294271,167092065,212202206,45,"2017-12-01",2017,"宮崎","Miyazaki"
5719,2078,3641,568171914,241725688,326446226,46,"2017-12-01",2017,"鹿児島","Kagoshima"
4477,1805,2672,497339600,227293358,270046242,47,"2017-12-01",2017,"沖縄","Okinawa"
356271,144109,212162,46920896073,21660119334,25260776739,99,"2018-01-01",2018,"全国","zenkoku"
18187,6629,11558,2267990623,949793977,1318196646,1,"2018-01-01",2018,"北海道","Hokkaido"
4656,1917,2739,546347380,267189117,279158263,2,"2018-01-01",2018,"青森","Aomori"
4064,1653,2411,479398306,227435230,251963076,3,"2018-01-01",2018,"岩手","Iwate"
6947,2805,4142,873133029,409065363,464067666,4,"2018-01-01",2018,"宮城","Miyagi"
3027,1288,1739,351972788,175149485,176823303,5,"2018-01-01",2018,"秋田","Akita"
2893,1127,1766,361130846,164076793,197054053,6,"2018-01-01",2018,"山形","Yamagata"
5743,2502,3241,763776045,376540950,387235095,7,"2018-01-01",2018,"福島","Fukushima"
6849,2845,4004,921225459,438331464,482893995,8,"2018-01-01",2018,"茨城","Ibaraki"
5032,2174,2858,664713957,329680361,335033596,9,"2018-01-01",2018,"栃木","Tochigi"
4547,1976,2571,617747163,303969804,313777359,10,"2018-01-01",2018,"群馬","Gunma"
18306,7995,10311,2553972720,1270690284,1283282436,11,"2018-01-01",2018,"埼玉","Saitama"
14475,6238,8237,2009950763,982756788,1027193975,12,"2018-01-01",2018,"千葉","Chiba"
34307,14397,19910,5378109216,2473182723,2904926493,13,"2018-01-01",2018,"東京","Tokyo"
22106,9782,12324,3248669305,1618712550,1629956755,14,"2018-01-01",2018,"神奈川","Kanagawa"
6104,2520,3584,771087702,359514334,411573368,15,"2018-01-01",2018,"新潟","Niigata"
2551,977,1574,324621501,139972411,184649090,16,"2018-01-01",2018,"富山","Toyama"
3042,1153,1889,381989010,165357564,216631446,17,"2018-01-01",2018,"石川","Ishikawa"
1965,743,1222,220873783,97838736,123035047,18,"2018-01-01",2018,"福井","Fukui"
2168,879,1289,267834019,119763940,148070079,19,"2018-01-01",2018,"山梨","Yamanashi"
5661,2282,3379,701685197,325652496,376032701,20,"2018-01-01",2018,"長野","Nagano"
5415,2139,3276,695074534,307985437,387089097,21,"2018-01-01",2018,"岐阜","Gifu"
10153,4207,5946,1303394211,608397824,694996387,22,"2018-01-01",2018,"静岡","Shizuoka"
18261,7357,10904,2520458222,1144403592,1376054630,23,"2018-01-01",2018,"愛知","Aichi"
5387,2156,3231,677383361,307340756,370042605,24,"2018-01-01",2018,"三重","Mie"
4218,1644,2574,539931407,242678061,297253346,25,"2018-01-01",2018,"滋賀","Shiga"
7732,3005,4727,1025298109,453879139,571418970,26,"2018-01-01",2018,"京都","Kyoto"
25811,10434,15377,3369306486,1545115820,1824190666,27,"2018-01-01",2018,"大阪","Osaka"
16986,6645,10341,2228173290,1011037227,1217136063,28,"2018-01-01",2018,"兵庫","Hyogo"
3654,1481,2173,485484219,228159100,257325119,29,"2018-01-01",2018,"奈良","Nara"
3029,1233,1796,352288768,162627643,189661125,30,"2018-01-01",2018,"和歌山","Wakayama"
1777,750,1027,207722240,96623216,111099024,31,"2018-01-01",2018,"鳥取","Tottori"
2042,867,1175,240686269,113149284,127536985,32,"2018-01-01",2018,"島根","Shimane"
5804,2354,3450,704198683,327644308,376554375,33,"2018-01-01",2018,"岡山","Okayama"
8847,3325,5522,1111088949,487748462,623340487,34,"2018-01-01",2018,"広島","Hiroshima"
3663,1374,2289,473268802,208619161,264649641,35,"2018-01-01",2018,"山口","Yamaguchi"
2242,901,1341,269923322,123257312,146666010,36,"2018-01-01",2018,"徳島","Tokushima"
3146,1265,1881,377603467,171930451,205673016,37,"2018-01-01",2018,"香川","Kagawa"
4113,1638,2475,506605744,232050763,274554981,38,"2018-01-01",2018,"愛媛","Ehime"
2616,1056,1560,299785269,137618956,162166313,39,"2018-01-01",2018,"高知","Kochi"
17655,6548,11107,2221137423,953136964,1268000459,40,"2018-01-01",2018,"福岡","Fukuoka"
2887,1052,1835,335099429,140908944,194190485,41,"2018-01-01",2018,"佐賀","Saga"
4645,1709,2936,528402791,230169351,298233440,42,"2018-01-01",2018,"長崎","Nagasaki"
5786,2272,3514,709047914,322328621,386719293,43,"2018-01-01",2018,"熊本","Kumamoto"
4112,1540,2572,465362581,206104790,259257791,44,"2018-01-01",2018,"大分","Oita"
3874,1493,2381,448613852,203318008,245295844,45,"2018-01-01",2018,"宮崎","Miyazaki"
5607,2078,3529,635821021,277152688,358668333,46,"2018-01-01",2018,"鹿児島","Kagoshima"
4179,1704,2475,483506898,222059086,261447812,47,"2018-01-01",2018,"沖縄","Okinawa"
339543,138842,200701,38243196557,17813014841,20430181716,99,"2018-02-01",2018,"全国","zenkoku"
17435,6463,10972,1856469190,804523464,1051945726,1,"2018-02-01",2018,"北海道","Hokkaido"
4622,1902,2720,462372321,225408158,236964163,2,"2018-02-01",2018,"青森","Aomori"
3767,1580,2187,387343272,185939050,201404222,3,"2018-02-01",2018,"岩手","Iwate"
6577,2705,3872,724219144,343487557,380731587,4,"2018-02-01",2018,"宮城","Miyagi"
2900,1283,1617,290711874,147740584,142971290,5,"2018-02-01",2018,"秋田","Akita"
2796,1115,1681,294945885,134271552,160674333,6,"2018-02-01",2018,"山形","Yamagata"
5421,2399,3022,607609739,303716510,303893229,7,"2018-02-01",2018,"福島","Fukushima"
6345,2675,3670,722909881,350278194,372631687,8,"2018-02-01",2018,"茨城","Ibaraki"
4827,2071,2756,545765597,264320173,281445424,9,"2018-02-01",2018,"栃木","Tochigi"
4342,1916,2426,487333104,242754882,244578222,10,"2018-02-01",2018,"群馬","Gunma"
17152,7532,9620,2046701833,1020177530,1026524303,11,"2018-02-01",2018,"埼玉","Saitama"
13953,6053,7900,1711037507,840664971,870372536,12,"2018-02-01",2018,"千葉","Chiba"
32250,13573,18677,4082709923,1881367589,2201342334,13,"2018-02-01",2018,"東京","Tokyo"
21645,9672,11973,2673368699,1338007777,1335360922,14,"2018-02-01",2018,"神奈川","Kanagawa"
5852,2435,3417,619206778,293415972,325790806,15,"2018-02-01",2018,"新潟","Niigata"
2409,954,1455,266403396,119011733,147391663,16,"2018-02-01",2018,"富山","Toyama"
2981,1156,1825,322293112,142179973,180113139,17,"2018-02-01",2018,"石川","Ishikawa"
1907,756,1151,203894434,90858638,113035796,18,"2018-02-01",2018,"福井","Fukui"
1994,797,1197,225341925,102105531,123236394,19,"2018-02-01",2018,"山梨","Yamanashi"
5569,2241,3328,594208926,277014215,317194711,20,"2018-02-01",2018,"長野","Nagano"
5066,2055,3011,548102125,253146594,294955531,21,"2018-02-01",2018,"岐阜","Gifu"
9629,4030,5599,1059632521,502392618,557239903,22,"2018-02-01",2018,"静岡","Shizuoka"
17500,7136,10364,2058164918,946684641,1111480277,23,"2018-02-01",2018,"愛知","Aichi"
5181,2098,3083,564630234,265637043,298993191,24,"2018-02-01",2018,"三重","Mie"
3931,1579,2352,433932089,198319187,235612902,25,"2018-02-01",2018,"滋賀","Shiga"
7305,2904,4401,825354089,374204868,451149221,26,"2018-02-01",2018,"京都","Kyoto"
24837,10170,14667,2884109919,1331919363,1552190556,27,"2018-02-01",2018,"大阪","Osaka"
16138,6393,9745,1817153109,824738304,992414805,28,"2018-02-01",2018,"兵庫","Hyogo"
3594,1452,2142,400393829,187587565,212806264,29,"2018-02-01",2018,"奈良","Nara"
2868,1207,1661,298907755,144500334,154407421,30,"2018-02-01",2018,"和歌山","Wakayama"
1745,748,997,169820664,80528752,89291912,31,"2018-02-01",2018,"鳥取","Tottori"
1895,798,1097,197617114,95749226,101867888,32,"2018-02-01",2018,"島根","Shimane"
5310,2149,3161,557277661,256784896,300492765,33,"2018-02-01",2018,"岡山","Okayama"
8315,3121,5194,887253404,386682985,500570419,34,"2018-02-01",2018,"広島","Hiroshima"
3505,1351,2154,368063480,164113680,203949800,35,"2018-02-01",2018,"山口","Yamaguchi"
2140,897,1243,227535821,107610409,119925412,36,"2018-02-01",2018,"徳島","Tokushima"
2893,1202,1691,306496841,142795973,163700868,37,"2018-02-01",2018,"香川","Kagawa"
3971,1601,2370,427713970,196906807,230807163,38,"2018-02-01",2018,"愛媛","Ehime"
2538,1044,1494,258068494,119995288,138073206,39,"2018-02-01",2018,"高知","Kochi"
16949,6319,10630,1852530675,800234328,1052296347,40,"2018-02-01",2018,"福岡","Fukuoka"
2753,996,1757,282413240,118577755,163835485,41,"2018-02-01",2018,"佐賀","Saga"
4434,1636,2798,435964663,187032955,248931708,42,"2018-02-01",2018,"長崎","Nagasaki"
5001,1986,3015,511441079,235901091,275539988,43,"2018-02-01",2018,"熊本","Kumamoto"
3900,1447,2453,381243878,168718216,212525662,44,"2018-02-01",2018,"大分","Oita"
3706,1459,2247,372263827,169005462,203258365,45,"2018-02-01",2018,"宮崎","Miyazaki"
5528,2069,3459,548004608,239049315,308955293,46,"2018-02-01",2018,"鹿児島","Kagoshima"
4167,1717,2450,444260010,206953133,237306877,47,"2018-02-01",2018,"沖縄","Okinawa"
336632,138720,197912,41498318258,19443212756,22055105502,99,"2018-03-01",2018,"全国","zenkoku"
17132,6541,10591,1995245326,881323831,1113921495,1,"2018-03-01",2018,"北海道","Hokkaido"
4676,1957,2719,512648735,252875526,259773209,2,"2018-03-01",2018,"青森","Aomori"
3680,1543,2137,417416087,199055831,218360256,3,"2018-03-01",2018,"岩手","Iwate"
6428,2670,3758,762731446,363445868,399285578,4,"2018-03-01",2018,"宮城","Miyagi"
2935,1294,1641,329485233,167189554,162295679,5,"2018-03-01",2018,"秋田","Akita"
2934,1183,1751,336298232,151597943,184700289,6,"2018-03-01",2018,"山形","Yamagata"
5495,2455,3040,650258365,328032814,322225551,7,"2018-03-01",2018,"福島","Fukushima"
6197,2644,3553,766533345,373505633,393027712,8,"2018-03-01",2018,"茨城","Ibaraki"
4797,2140,2657,602590695,299401704,303188991,9,"2018-03-01",2018,"栃木","Tochigi"
4249,1907,2342,524992402,264050495,260941907,10,"2018-03-01",2018,"群馬","Gunma"
17012,7548,9464,2203636251,1103185990,1100450261,11,"2018-03-01",2018,"埼玉","Saitama"
13935,6134,7801,1846962091,913135155,933826936,12,"2018-03-01",2018,"千葉","Chiba"
31726,13484,18242,4389204803,2034802450,2354402353,13,"2018-03-01",2018,"東京","Tokyo"
21610,9670,11940,2949951852,1488803162,1461148690,14,"2018-03-01",2018,"神奈川","Kanagawa"
5772,2399,3373,679849097,318085288,361763809,15,"2018-03-01",2018,"新潟","Niigata"
2423,960,1463,295588264,130838533,164749731,16,"2018-03-01",2018,"富山","Toyama"
3002,1212,1790,362474595,165397091,197077504,17,"2018-03-01",2018,"石川","Ishikawa"
1933,770,1163,209460383,97195396,112264987,18,"2018-03-01",2018,"福井","Fukui"
1953,814,1139,247875772,115320068,132555704,19,"2018-03-01",2018,"山梨","Yamanashi"
5573,2208,3365,674358944,307119893,367239051,20,"2018-03-01",2018,"長野","Nagano"
5002,2025,2977,590259268,278111961,312147307,21,"2018-03-01",2018,"岐阜","Gifu"
9461,3963,5498,1178636517,555790890,622845627,22,"2018-03-01",2018,"静岡","Shizuoka"
17575,7182,10393,2265018297,1046511945,1218506352,23,"2018-03-01",2018,"愛知","Aichi"
5106,2091,3015,607052795,285726388,321326407,24,"2018-03-01",2018,"三重","Mie"
3883,1538,2345,470488163,211697055,258791108,25,"2018-03-01",2018,"滋賀","Shiga"
7179,2864,4315,876430035,397165725,479264310,26,"2018-03-01",2018,"京都","Kyoto"
24934,10285,14649,3163407238,1471050977,1692356261,27,"2018-03-01",2018,"大阪","Osaka"
15852,6288,9564,1959688165,896641807,1063046358,28,"2018-03-01",2018,"兵庫","Hyogo"
3481,1454,2027,428173558,206495876,221677682,29,"2018-03-01",2018,"奈良","Nara"
2803,1169,1634,318753163,155171887,163581276,30,"2018-03-01",2018,"和歌山","Wakayama"
1691,728,963,185323967,90597886,94726081,31,"2018-03-01",2018,"鳥取","Tottori"
1861,785,1076,206296233,97570177,108726056,32,"2018-03-01",2018,"島根","Shimane"
5178,2092,3086,598140237,277473103,320667134,33,"2018-03-01",2018,"岡山","Okayama"
8151,3031,5120,946032165,398690063,547342102,34,"2018-03-01",2018,"広島","Hiroshima"
3516,1333,2183,410440575,186425754,224014821,35,"2018-03-01",2018,"山口","Yamaguchi"
2119,913,1206,240344318,119052654,121291664,36,"2018-03-01",2018,"徳島","Tokushima"
2827,1160,1667,327600724,152506765,175093959,37,"2018-03-01",2018,"香川","Kagawa"
3912,1562,2350,460236396,209953772,250282624,38,"2018-03-01",2018,"愛媛","Ehime"
2534,1037,1497,288014141,136007658,152006483,39,"2018-03-01",2018,"高知","Kochi"
17005,6426,10579,2012871359,886314890,1126556469,40,"2018-03-01",2018,"福岡","Fukuoka"
2746,995,1751,306581700,125953295,180628405,41,"2018-03-01",2018,"佐賀","Saga"
4329,1577,2752,470231321,198348006,271883315,42,"2018-03-01",2018,"長崎","Nagasaki"
4892,1984,2908,534474629,249405985,285068644,43,"2018-03-01",2018,"熊本","Kumamoto"
3805,1439,2366,425434035,185736171,239697864,44,"2018-03-01",2018,"大分","Oita"
3670,1466,2204,404038871,186984665,217054206,45,"2018-03-01",2018,"宮崎","Miyazaki"
5532,2079,3453,601424428,263727223,337697205,46,"2018-03-01",2018,"鹿児島","Kagoshima"
4126,1721,2405,465364042,219737953,245626089,47,"2018-03-01",2018,"沖縄","Okinawa"
326102,135219,190883,37299089163,17552062227,19747026936,99,"2018-04-01",2018,"全国","zenkoku"
16889,6630,10259,1763004230,798841703,964162527,1,"2018-04-01",2018,"北海道","Hokkaido"
4485,1889,2596,444506642,221485330,223021312,2,"2018-04-01",2018,"青森","Aomori"
3679,1546,2133,352976588,168951944,184024644,3,"2018-04-01",2018,"岩手","Iwate"
6105,2553,3552,683756796,325041347,358715449,4,"2018-04-01",2018,"宮城","Miyagi"
3055,1336,1719,292511806,150171893,142339913,5,"2018-04-01",2018,"秋田","Akita"
2893,1182,1711,289661335,133630392,156030943,6,"2018-04-01",2018,"山形","Yamagata"
5448,2462,2986,609616069,310251348,299364721,7,"2018-04-01",2018,"福島","Fukushima"
5845,2548,3297,667559954,332044415,335515539,8,"2018-04-01",2018,"茨城","Ibaraki"
4651,2079,2572,546247182,275500547,270746635,9,"2018-04-01",2018,"栃木","Tochigi"
4068,1831,2237,462332173,235450818,226881355,10,"2018-04-01",2018,"群馬","Gunma"
16121,7204,8917,1893215015,945446697,947768318,11,"2018-04-01",2018,"埼玉","Saitama"
13330,5825,7505,1714063951,838685515,875378436,12,"2018-04-01",2018,"千葉","Chiba"
30849,13124,17725,4167010456,1940525696,2226484760,13,"2018-04-01",2018,"東京","Tokyo"
20519,9216,11303,2764403240,1379282360,1385120880,14,"2018-04-01",2018,"神奈川","Kanagawa"
5732,2349,3383,613545352,288716552,324828800,15,"2018-04-01",2018,"新潟","Niigata"
2269,904,1365,235386432,109265101,126121331,16,"2018-04-01",2018,"富山","Toyama"
2933,1188,1745,320239961,145925772,174314189,17,"2018-04-01",2018,"石川","Ishikawa"
1902,746,1156,191938915,87679077,104259838,18,"2018-04-01",2018,"福井","Fukui"
1852,804,1048,206905092,102163326,104741766,19,"2018-04-01",2018,"山梨","Yamanashi"
5548,2231,3317,569122099,264000856,305121243,20,"2018-04-01",2018,"長野","Nagano"
4748,1931,2817,504521692,234433174,270088518,21,"2018-04-01",2018,"岐阜","Gifu"
9238,3908,5330,1016223610,479376386,536847224,22,"2018-04-01",2018,"静岡","Shizuoka"
17061,6992,10069,2037989189,931320741,1106668448,23,"2018-04-01",2018,"愛知","Aichi"
4846,1999,2847,527304837,246917914,280386923,24,"2018-04-01",2018,"三重","Mie"
3699,1460,2239,393784297,176407717,217376580,25,"2018-04-01",2018,"滋賀","Shiga"
6853,2751,4102,803394470,363941463,439453007,26,"2018-04-01",2018,"京都","Kyoto"
23813,9851,13962,2875757839,1344140460,1531617379,27,"2018-04-01",2018,"大阪","Osaka"
15634,6287,9347,1761334182,810013303,951320879,28,"2018-04-01",2018,"兵庫","Hyogo"
3239,1394,1845,365343480,180102512,185240968,29,"2018-04-01",2018,"奈良","Nara"
2750,1136,1614,283815604,137209642,146605962,30,"2018-04-01",2018,"和歌山","Wakayama"
1641,711,930,157147638,77888469,79259169,31,"2018-04-01",2018,"鳥取","Tottori"
1901,782,1119,179553095,85790233,93762862,32,"2018-04-01",2018,"島根","Shimane"
5230,2139,3091,535889776,245906640,289983136,33,"2018-04-01",2018,"岡山","Okayama"
7842,2964,4878,828983730,359489441,469494289,34,"2018-04-01",2018,"広島","Hiroshima"
3433,1337,2096,386084119,176048676,210035443,35,"2018-04-01",2018,"山口","Yamaguchi"
2037,870,1167,211003299,105024138,105979161,36,"2018-04-01",2018,"徳島","Tokushima"
2851,1186,1665,292948176,139133739,153814437,37,"2018-04-01",2018,"香川","Kagawa"
3684,1553,2131,387754489,189085333,198669156,38,"2018-04-01",2018,"愛媛","Ehime"
2602,1076,1526,254191926,120720023,133471903,39,"2018-04-01",2018,"高知","Kochi"
16461,6240,10221,1864114865,812107885,1052006980,40,"2018-04-01",2018,"福岡","Fukuoka"
2600,937,1663,250984972,105374194,145610778,41,"2018-04-01",2018,"佐賀","Saga"
4350,1582,2768,427290045,181470729,245819316,42,"2018-04-01",2018,"長崎","Nagasaki"
4799,1928,2871,464003176,217934372,246068804,43,"2018-04-01",2018,"熊本","Kumamoto"
3811,1416,2395,364541996,159238827,205303169,44,"2018-04-01",2018,"大分","Oita"
3581,1445,2136,361048867,171174387,189874480,45,"2018-04-01",2018,"宮崎","Miyazaki"
5432,2048,3384,541082572,237396149,303686423,46,"2018-04-01",2018,"鹿児島","Kagoshima"
3793,1649,2144,434993934,211354991,223638943,47,"2018-04-01",2018,"沖縄","Okinawa"
388677,154110,234567,48351996604,22127057405,26224939199,99,"2018-05-01",2018,"全国","zenkoku"
20630,7484,13146,2409253349,1036324523,1372928826,1,"2018-05-01",2018,"北海道","Hokkaido"
5420,2124,3296,625516297,294612069,330904228,2,"2018-05-01",2018,"青森","Aomori"
4433,1692,2741,487407188,218224704,269182484,3,"2018-05-01",2018,"岩手","Iwate"
7580,2919,4661,899972898,402577922,497394976,4,"2018-05-01",2018,"宮城","Miyagi"
3378,1422,1956,374888832,184103865,190784967,5,"2018-05-01",2018,"秋田","Akita"
3669,1398,2271,431142038,191254377,239887661,6,"2018-05-01",2018,"山形","Yamagata"
6647,2899,3748,804151313,402442496,401708817,7,"2018-05-01",2018,"福島","Fukushima"
7365,3130,4235,955525383,474208641,481316742,8,"2018-05-01",2018,"茨城","Ibaraki"
5216,2267,2949,640596762,319918456,320678306,9,"2018-05-01",2018,"栃木","Tochigi"
4762,2064,2698,612144717,303759701,308385016,10,"2018-05-01",2018,"群馬","Gunma"
19262,8301,10961,2600590173,1280376995,1320213178,11,"2018-05-01",2018,"埼玉","Saitama"
15642,6646,8996,2116425936,1017729521,1098696415,12,"2018-05-01",2018,"千葉","Chiba"
35918,14799,21119,4990286104,2284890797,2705395307,13,"2018-05-01",2018,"東京","Tokyo"
22778,10026,12752,3100908573,1544593538,1556315035,14,"2018-05-01",2018,"神奈川","Kanagawa"
6716,2596,4120,751993218,332199299,419793919,15,"2018-05-01",2018,"新潟","Niigata"
2754,1042,1712,331390877,146373664,185017213,16,"2018-05-01",2018,"富山","Toyama"
3667,1395,2272,430531080,188764679,241766401,17,"2018-05-01",2018,"石川","Ishikawa"
2211,800,1411,262264009,109612647,152651362,18,"2018-05-01",2018,"福井","Fukui"
2305,977,1328,294004422,140208704,153795718,19,"2018-05-01",2018,"山梨","Yamanashi"
6640,2551,4089,775649839,346566676,429083163,20,"2018-05-01",2018,"長野","Nagano"
5404,2132,3272,663387242,308717919,354669323,21,"2018-05-01",2018,"岐阜","Gifu"
10841,4447,6394,1354061412,629791019,724270393,22,"2018-05-01",2018,"静岡","Shizuoka"
20240,8122,12118,2643718507,1219893863,1423824644,23,"2018-05-01",2018,"愛知","Aichi"
6103,2433,3670,761133683,351136889,409996794,24,"2018-05-01",2018,"三重","Mie"
4638,1749,2889,572723594,256745904,315977690,25,"2018-05-01",2018,"滋賀","Shiga"
8401,3205,5196,1040696482,458740469,581956013,26,"2018-05-01",2018,"京都","Kyoto"
26944,10668,16276,3382294555,1537742768,1844551787,27,"2018-05-01",2018,"大阪","Osaka"
18885,7248,11637,2396164010,1067604793,1328559217,28,"2018-05-01",2018,"兵庫","Hyogo"
3843,1610,2233,480261669,233898452,246363217,29,"2018-05-01",2018,"奈良","Nara"
3030,1219,1811,359185870,169449800,189736070,30,"2018-05-01",2018,"和歌山","Wakayama"
2058,848,1210,239230222,111519648,127710574,31,"2018-05-01",2018,"鳥取","Tottori"
2288,900,1388,262626707,114345955,148280752,32,"2018-05-01",2018,"島根","Shimane"
6264,2460,3804,744618143,334126092,410492051,33,"2018-05-01",2018,"岡山","Okayama"
9742,3493,6249,1191120834,500762539,690358295,34,"2018-05-01",2018,"広島","Hiroshima"
4185,1528,2657,489936461,208211461,281725000,35,"2018-05-01",2018,"山口","Yamaguchi"
2604,1078,1526,316473868,150175691,166298177,36,"2018-05-01",2018,"徳島","Tokushima"
3279,1292,1987,371758609,166328737,205429872,37,"2018-05-01",2018,"香川","Kagawa"
4543,1798,2745,554529827,258770124,295759703,38,"2018-05-01",2018,"愛媛","Ehime"
3020,1202,1818,344624690,154912611,189712079,39,"2018-05-01",2018,"高知","Kochi"
20313,7171,13142,2399750564,994778870,1404971694,40,"2018-05-01",2018,"福岡","Fukuoka"
3313,1152,2161,361192696,145544197,215648499,41,"2018-05-01",2018,"佐賀","Saga"
5047,1797,3250,553894786,229453101,324441685,42,"2018-05-01",2018,"長崎","Nagasaki"
6330,2362,3968,717350362,316155358,401195004,43,"2018-05-01",2018,"熊本","Kumamoto"
4805,1720,3085,530254367,221819722,308434645,44,"2018-05-01",2018,"大分","Oita"
4444,1687,2757,510321820,233297938,277023882,45,"2018-05-01",2018,"宮崎","Miyazaki"
6417,2335,4082,691537184,294692791,396844393,46,"2018-05-01",2018,"鹿児島","Kagoshima"
4703,1922,2781,524505432,239697420,284808012,47,"2018-05-01",2018,"沖縄","Okinawa"
378449,148558,229891,44445141001,19915410395,24529730606,99,"2018-06-01",2018,"全国","zenkoku"
19763,6912,12851,2179764430,886984063,1292780367,1,"2018-06-01",2018,"北海道","Hokkaido"
5090,1988,3102,527226106,245683177,281542929,2,"2018-06-01",2018,"青森","Aomori"
4178,1582,2596,445664821,191840801,253824020,3,"2018-06-01",2018,"岩手","Iwate"
7442,2815,4627,831717723,361405648,470312075,4,"2018-06-01",2018,"宮城","Miyagi"
3361,1425,1936,363754319,173477588,190276731,5,"2018-06-01",2018,"秋田","Akita"
3423,1293,2130,378314409,160359903,217954506,6,"2018-06-01",2018,"山形","Yamagata"
6446,2790,3656,729992807,359686777,370306030,7,"2018-06-01",2018,"福島","Fukushima"
7093,2982,4111,856590217,415394833,441195384,8,"2018-06-01",2018,"茨城","Ibaraki"
5238,2259,2979,621457347,300822083,320635264,9,"2018-06-01",2018,"栃木","Tochigi"
4673,2027,2646,535992261,266295331,269696930,10,"2018-06-01",2018,"群馬","Gunma"
18701,7997,10704,2281386819,1110218318,1171168501,11,"2018-06-01",2018,"埼玉","Saitama"
15448,6462,8986,1951099372,923897108,1027202264,12,"2018-06-01",2018,"千葉","Chiba"
35057,14325,20732,4613851472,2077880359,2535971113,13,"2018-06-01",2018,"東京","Tokyo"
23310,10110,13200,3107715326,1511904019,1595811307,14,"2018-06-01",2018,"神奈川","Kanagawa"
6699,2585,4114,747302624,328409987,418892637,15,"2018-06-01",2018,"新潟","Niigata"
2639,1008,1631,302227864,131595724,170632140,16,"2018-06-01",2018,"富山","Toyama"
3529,1295,2234,406126226,170991951,235134275,17,"2018-06-01",2018,"石川","Ishikawa"
2109,725,1384,229539766,91126566,138413200,18,"2018-06-01",2018,"福井","Fukui"
2184,910,1274,265946942,127910820,138036122,19,"2018-06-01",2018,"山梨","Yamanashi"
6464,2471,3993,738833781,320585996,418247785,20,"2018-06-01",2018,"長野","Nagano"
5185,2066,3119,578345243,265495477,312849766,21,"2018-06-01",2018,"岐阜","Gifu"
10516,4219,6297,1216671900,552549438,664122462,22,"2018-06-01",2018,"静岡","Shizuoka"
19914,7966,11948,2436988693,1099109370,1337879323,23,"2018-06-01",2018,"愛知","Aichi"
5945,2377,3568,678709081,310932572,367776509,24,"2018-06-01",2018,"三重","Mie"
4427,1675,2752,503246777,216805393,286441384,25,"2018-06-01",2018,"滋賀","Shiga"
8029,2991,5038,949993715,399178881,550814834,26,"2018-06-01",2018,"京都","Kyoto"
26970,10476,16494,3299128894,1458407515,1840721379,27,"2018-06-01",2018,"大阪","Osaka"
18287,6968,11319,2134399299,937378976,1197020323,28,"2018-06-01",2018,"兵庫","Hyogo"
3816,1565,2251,459974998,218068659,241906339,29,"2018-06-01",2018,"奈良","Nara"
2923,1153,1770,305126184,138681156,166445028,30,"2018-06-01",2018,"和歌山","Wakayama"
1946,790,1156,209315010,94810313,114504697,31,"2018-06-01",2018,"鳥取","Tottori"
2092,839,1253,218108567,96864487,121244080,32,"2018-06-01",2018,"島根","Shimane"
5857,2290,3567,639361296,279846838,359514458,33,"2018-06-01",2018,"岡山","Okayama"
9281,3312,5969,1040543299,424059326,616483973,34,"2018-06-01",2018,"広島","Hiroshima"
4047,1458,2589,447334900,189616217,257718683,35,"2018-06-01",2018,"山口","Yamaguchi"
2449,1005,1444,271425234,124761492,146663742,36,"2018-06-01",2018,"徳島","Tokushima"
3218,1230,1988,355249716,154614376,200635340,37,"2018-06-01",2018,"香川","Kagawa"
4418,1712,2706,492597202,221366220,271230982,38,"2018-06-01",2018,"愛媛","Ehime"
2876,1145,1731,304236360,138047903,166188457,39,"2018-06-01",2018,"高知","Kochi"
19578,6950,12628,2220666860,912731833,1307935027,40,"2018-06-01",2018,"福岡","Fukuoka"
3102,1086,2016,334209866,133828353,200381513,41,"2018-06-01",2018,"佐賀","Saga"
4900,1732,3168,511400018,209617666,301782352,42,"2018-06-01",2018,"長崎","Nagasaki"
6131,2233,3898,656171883,280960035,375211848,43,"2018-06-01",2018,"熊本","Kumamoto"
4600,1642,2958,485797544,202320907,283476637,44,"2018-06-01",2018,"大分","Oita"
4200,1598,2602,437462062,196442357,241019705,45,"2018-06-01",2018,"宮崎","Miyazaki"
6194,2249,3945,636681824,271471140,365210684,46,"2018-06-01",2018,"鹿児島","Kagoshima"
4701,1870,2831,507489944,230972443,276517501,47,"2018-06-01",2018,"沖縄","Okinawa"
398911,155827,243084,48887846712,21788068707,27099778005,99,"2018-07-01",2018,"全国","zenkoku"
20705,7044,13661,2380923101,946196356,1434726745,1,"2018-07-01",2018,"北海道","Hokkaido"
5272,2067,3205,550806356,255609929,295196427,2,"2018-07-01",2018,"青森","Aomori"
4363,1694,2669,473409914,209433569,263976345,3,"2018-07-01",2018,"岩手","Iwate"
7779,2965,4814,943523989,416586701,526937288,4,"2018-07-01",2018,"宮城","Miyagi"
3599,1452,2147,390112020,179762442,210349578,5,"2018-07-01",2018,"秋田","Akita"
3541,1306,2235,403724079,168118525,235605554,6,"2018-07-01",2018,"山形","Yamagata"
6630,2852,3778,803688246,389994079,413694167,7,"2018-07-01",2018,"福島","Fukushima"
7575,3116,4459,953997298,452764431,501232867,8,"2018-07-01",2018,"茨城","Ibaraki"
5545,2375,3170,673802031,327392311,346409720,9,"2018-07-01",2018,"栃木","Tochigi"
4968,2148,2820,615468200,303163386,312304814,10,"2018-07-01",2018,"群馬","Gunma"
19910,8505,11405,2515420378,1220111139,1295309239,11,"2018-07-01",2018,"埼玉","Saitama"
16105,6797,9308,2202958692,1041649179,1161309513,12,"2018-07-01",2018,"千葉","Chiba"
37029,15128,21901,5251423381,2356361138,2895062243,13,"2018-07-01",2018,"東京","Tokyo"
23994,10389,13605,3276084341,1589244463,1686839878,14,"2018-07-01",2018,"神奈川","Kanagawa"
7007,2729,4278,814495805,359651385,454844420,15,"2018-07-01",2018,"新潟","Niigata"
2798,1048,1750,327086546,143116660,183969886,16,"2018-07-01",2018,"富山","Toyama"
3715,1337,2378,439635001,182238909,257396092,17,"2018-07-01",2018,"石川","Ishikawa"
2312,800,1512,258747687,101278098,157469589,18,"2018-07-01",2018,"福井","Fukui"
2244,930,1314,270857649,130017021,140840628,19,"2018-07-01",2018,"山梨","Yamanashi"
6714,2555,4159,771263171,333054909,438208262,20,"2018-07-01",2018,"長野","Nagano"
5427,2107,3320,635022222,283732118,351290104,21,"2018-07-01",2018,"岐阜","Gifu"
10978,4373,6605,1299344706,583981309,715363397,22,"2018-07-01",2018,"静岡","Shizuoka"
20960,8345,12615,2672094483,1187275387,1484819096,23,"2018-07-01",2018,"愛知","Aichi"
6262,2462,3800,741826781,333601405,408225376,24,"2018-07-01",2018,"三重","Mie"
4705,1759,2946,545172073,232486103,312685970,25,"2018-07-01",2018,"滋賀","Shiga"
8482,3126,5356,1058068165,442114991,615953174,26,"2018-07-01",2018,"京都","Kyoto"
27767,10847,16920,3518043012,1567412639,1950630373,27,"2018-07-01",2018,"大阪","Osaka"
19164,7241,11923,2350224882,1019250509,1330974373,28,"2018-07-01",2018,"兵庫","Hyogo"
3989,1651,2338,497870469,236379456,261491013,29,"2018-07-01",2018,"奈良","Nara"
3141,1222,1919,339210727,155542818,183667909,30,"2018-07-01",2018,"和歌山","Wakayama"
2130,858,1272,219545151,100854525,118690626,31,"2018-07-01",2018,"鳥取","Tottori"
2370,918,1452,247939135,107069624,140869511,32,"2018-07-01",2018,"島根","Shimane"
6424,2528,3896,720127482,326555987,393571495,33,"2018-07-01",2018,"岡山","Okayama"
9889,3540,6349,1165461595,477048636,688412959,34,"2018-07-01",2018,"広島","Hiroshima"
4391,1532,2859,521678225,211008267,310669958,35,"2018-07-01",2018,"山口","Yamaguchi"
2604,1054,1550,307211164,136406261,170804903,36,"2018-07-01",2018,"徳島","Tokushima"
3361,1279,2082,379186676,169200352,209986324,37,"2018-07-01",2018,"香川","Kagawa"
4751,1830,2921,550136889,242109257,308027632,38,"2018-07-01",2018,"愛媛","Ehime"
3161,1269,1892,349970628,155745881,194224747,39,"2018-07-01",2018,"高知","Kochi"
20865,7376,13489,2539967871,1040643497,1499324374,40,"2018-07-01",2018,"福岡","Fukuoka"
3352,1177,2175,366133482,148547693,217585789,41,"2018-07-01",2018,"佐賀","Saga"
5336,1866,3470,549996304,228178283,321818021,42,"2018-07-01",2018,"長崎","Nagasaki"
6637,2437,4200,705717744,306243491,399474253,43,"2018-07-01",2018,"熊本","Kumamoto"
4805,1736,3069,520002766,217944401,302058365,44,"2018-07-01",2018,"大分","Oita"
4553,1697,2856,492921183,218208931,274712252,45,"2018-07-01",2018,"宮崎","Miyazaki"
6743,2435,4308,713339833,303905047,409434786,46,"2018-07-01",2018,"鹿児島","Kagoshima"
4859,1925,2934,564205179,250877209,313327970,47,"2018-07-01",2018,"沖縄","Okinawa"
420686,162589,258097,53960743485,23901795065,30058948420,99,"2018-08-01",2018,"全国","zenkoku"
21246,7180,14066,2527573643,996792825,1530780818,1,"2018-08-01",2018,"北海道","Hokkaido"
5585,2152,3433,646411089,294672710,351738379,2,"2018-08-01",2018,"青森","Aomori"
4504,1836,2668,528820601,240712896,288107705,3,"2018-08-01",2018,"岩手","Iwate"
8071,3057,5014,999256397,437102001,562154396,4,"2018-08-01",2018,"宮城","Miyagi"
3614,1438,2176,422245829,188111972,234133857,5,"2018-08-01",2018,"秋田","Akita"
3531,1298,2233,426099866,176088021,250011845,6,"2018-08-01",2018,"山形","Yamagata"
6543,2819,3724,829521415,407286599,422234816,7,"2018-08-01",2018,"福島","Fukushima"
7845,3194,4651,1039677158,483541861,556135297,8,"2018-08-01",2018,"茨城","Ibaraki"
5692,2373,3319,731587015,349130749,382456266,9,"2018-08-01",2018,"栃木","Tochigi"
5166,2230,2936,665836467,328445498,337390969,10,"2018-08-01",2018,"群馬","Gunma"
20868,8813,12055,2818348980,1358148096,1460200884,11,"2018-08-01",2018,"埼玉","Saitama"
16789,6934,9855,2328343730,1094434843,1233908887,12,"2018-08-01",2018,"千葉","Chiba"
39400,16023,23377,5608955943,2510728244,3098227699,13,"2018-08-01",2018,"東京","Tokyo"
25918,11174,14744,3723795532,1826038828,1897756704,14,"2018-08-01",2018,"神奈川","Kanagawa"
7238,2808,4430,855644726,378390557,477254169,15,"2018-08-01",2018,"新潟","Niigata"
2922,1126,1796,367525425,165073616,202451809,16,"2018-08-01",2018,"富山","Toyama"
3770,1339,2431,465516703,188888423,276628280,17,"2018-08-01",2018,"石川","Ishikawa"
2346,784,1562,283042400,108407710,174634690,18,"2018-08-01",2018,"福井","Fukui"
2371,963,1408,308356587,143174338,165182249,19,"2018-08-01",2018,"山梨","Yamanashi"
6764,2560,4204,821195173,353617491,467577682,20,"2018-08-01",2018,"長野","Nagano"
6166,2382,3784,787275611,345036611,442239000,21,"2018-08-01",2018,"岐阜","Gifu"
11411,4482,6929,1440250676,644866605,795384071,22,"2018-08-01",2018,"静岡","Shizuoka"
22149,8532,13617,3027099092,1346507387,1680591705,23,"2018-08-01",2018,"愛知","Aichi"
6455,2521,3934,808976546,367401672,441574874,24,"2018-08-01",2018,"三重","Mie"
4798,1795,3003,606562982,265792056,340770926,25,"2018-08-01",2018,"滋賀","Shiga"
9185,3328,5857,1174895475,486432673,688462802,26,"2018-08-01",2018,"京都","Kyoto"
29838,11396,18442,3875788635,1678919052,2196869583,27,"2018-08-01",2018,"大阪","Osaka"
20678,7674,13004,2660187689,1146937609,1513250080,28,"2018-08-01",2018,"兵庫","Hyogo"
4318,1772,2546,539549948,258176914,281373034,29,"2018-08-01",2018,"奈良","Nara"
3128,1209,1919,364666028,164422815,200243213,30,"2018-08-01",2018,"和歌山","Wakayama"
2303,922,1381,271660297,120276702,151383595,31,"2018-08-01",2018,"鳥取","Tottori"
2429,936,1493,276937283,118957109,157980174,32,"2018-08-01",2018,"島根","Shimane"
7710,3015,4695,986281400,423569172,562712228,33,"2018-08-01",2018,"岡山","Okayama"
11583,4157,7426,1512060426,618821655,893238771,34,"2018-08-01",2018,"広島","Hiroshima"
4545,1564,2981,553502754,225272918,328229836,35,"2018-08-01",2018,"山口","Yamaguchi"
2627,1072,1555,315138247,145014532,170123715,36,"2018-08-01",2018,"徳島","Tokushima"
3428,1309,2119,406829599,175549043,231280556,37,"2018-08-01",2018,"香川","Kagawa"
5296,1986,3310,644501944,282090916,362411028,38,"2018-08-01",2018,"愛媛","Ehime"
3222,1280,1942,385561328,171342497,214218831,39,"2018-08-01",2018,"高知","Kochi"
21800,7619,14181,2677630388,1093564989,1584065399,40,"2018-08-01",2018,"福岡","Fukuoka"
3471,1204,2267,390602848,159873899,230728949,41,"2018-08-01",2018,"佐賀","Saga"
5572,1922,3650,634367434,250851615,383515819,42,"2018-08-01",2018,"長崎","Nagasaki"
6892,2515,4377,799609407,343707730,455901677,43,"2018-08-01",2018,"熊本","Kumamoto"
4883,1735,3148,545877604,229650213,316227391,44,"2018-08-01",2018,"大分","Oita"
4607,1692,2915,513695576,224503888,289191688,45,"2018-08-01",2018,"宮崎","Miyazaki"
6861,2461,4400,774719963,325619602,449100361,46,"2018-08-01",2018,"鹿児島","Kagoshima"
5148,2008,3140,588759626,259847913,328911713,47,"2018-08-01",2018,"沖縄","Okinawa"
396505,155017,241488,46492133717,20659171020,25832962697,99,"2018-09-01",2018,"全国","zenkoku"
19489,6658,12831,2131436572,847320454,1284116118,1,"2018-09-01",2018,"北海道","Hokkaido"
5100,1959,3141,530899360,240274720,290624640,2,"2018-09-01",2018,"青森","Aomori"
4157,1734,2423,449210259,215439648,233770611,3,"2018-09-01",2018,"岩手","Iwate"
7690,3013,4677,865923980,387331975,478592005,4,"2018-09-01",2018,"宮城","Miyagi"
3452,1399,2053,370337239,169031994,201305245,5,"2018-09-01",2018,"秋田","Akita"
3391,1308,2083,371892977,160239201,211653776,6,"2018-09-01",2018,"山形","Yamagata"
5995,2586,3409,696399217,339862633,356536584,7,"2018-09-01",2018,"福島","Fukushima"
7300,2989,4311,881849188,408647004,473202184,8,"2018-09-01",2018,"茨城","Ibaraki"
5415,2306,3109,632570745,304218639,328352106,9,"2018-09-01",2018,"栃木","Tochigi"
4910,2137,2773,575809310,282821465,292987845,10,"2018-09-01",2018,"群馬","Gunma"
19665,8352,11313,2457186842,1177159347,1280027495,11,"2018-09-01",2018,"埼玉","Saitama"
15922,6615,9307,2007869443,940226138,1067643305,12,"2018-09-01",2018,"千葉","Chiba"
37327,15219,22108,4947400332,2213255192,2734145140,13,"2018-09-01",2018,"東京","Tokyo"
24523,10649,13874,3182647552,1562297199,1620350353,14,"2018-09-01",2018,"神奈川","Kanagawa"
6708,2637,4071,763576533,341459574,422116959,15,"2018-09-01",2018,"新潟","Niigata"
2785,1093,1692,318359089,139401129,178957960,16,"2018-09-01",2018,"富山","Toyama"
3423,1220,2203,385628851,158843421,226785430,17,"2018-09-01",2018,"石川","Ishikawa"
2197,766,1431,241052036,95643382,145408654,18,"2018-09-01",2018,"福井","Fukui"
2171,884,1287,257841591,119568837,138272754,19,"2018-09-01",2018,"山梨","Yamanashi"
6323,2479,3844,715268883,320397509,394871374,20,"2018-09-01",2018,"長野","Nagano"
5892,2254,3638,669144255,292805789,376338466,21,"2018-09-01",2018,"岐阜","Gifu"
10607,4239,6368,1233432795,555000240,678432555,22,"2018-09-01",2018,"静岡","Shizuoka"
21124,8256,12868,2553326610,1125416569,1427910041,23,"2018-09-01",2018,"愛知","Aichi"
6223,2391,3832,704348933,306591815,397757118,24,"2018-09-01",2018,"三重","Mie"
4565,1748,2817,529867263,231405631,298461632,25,"2018-09-01",2018,"滋賀","Shiga"
8732,3179,5553,1030035486,430287482,599748004,26,"2018-09-01",2018,"京都","Kyoto"
28196,10823,17373,3343945964,1445077973,1898867991,27,"2018-09-01",2018,"大阪","Osaka"
19625,7393,12232,2295091575,993049608,1302041967,28,"2018-09-01",2018,"兵庫","Hyogo"
3937,1630,2307,457659237,217000740,240658497,29,"2018-09-01",2018,"奈良","Nara"
3025,1178,1847,324994476,145990719,179003757,30,"2018-09-01",2018,"和歌山","Wakayama"
2179,888,1291,231663976,104260052,127403924,31,"2018-09-01",2018,"鳥取","Tottori"
2294,926,1368,246828066,109119299,137708767,32,"2018-09-01",2018,"島根","Shimane"
7711,3038,4673,865479421,383619084,481860337,33,"2018-09-01",2018,"岡山","Okayama"
11201,4083,7118,1268987248,524983386,744003862,34,"2018-09-01",2018,"広島","Hiroshima"
4225,1466,2759,465954504,189476657,276477847,35,"2018-09-01",2018,"山口","Yamaguchi"
2380,999,1381,270220395,125530713,144689682,36,"2018-09-01",2018,"徳島","Tokushima"
3224,1222,2002,351250161,152842900,198407261,37,"2018-09-01",2018,"香川","Kagawa"
4905,1874,3031,538301654,236874613,301427041,38,"2018-09-01",2018,"愛媛","Ehime"
2953,1202,1751,328117296,147506048,180611248,39,"2018-09-01",2018,"高知","Kochi"
20508,7320,13188,2304882003,945013407,1359868596,40,"2018-09-01",2018,"福岡","Fukuoka"
3163,1087,2076,340642815,133523529,207119286,41,"2018-09-01",2018,"佐賀","Saga"
5238,1828,3410,549605534,226358349,323247185,42,"2018-09-01",2018,"長崎","Nagasaki"
6595,2470,4125,699414953,305021523,394393430,43,"2018-09-01",2018,"熊本","Kumamoto"
4524,1648,2876,473931283,199116259,274815024,44,"2018-09-01",2018,"大分","Oita"
4331,1574,2757,454237129,191740237,262496892,45,"2018-09-01",2018,"宮崎","Miyazaki"
6520,2384,4136,669522155,285239669,384282486,46,"2018-09-01",2018,"鹿児島","Kagoshima"
4685,1914,2771,508088531,232879268,275209263,47,"2018-09-01",2018,"沖縄","Okinawa"
404533,158611,245922,51689263168,23016943388,28672319780,99,"2018-10-01",2018,"全国","zenkoku"
19668,6831,12837,2316190096,932382627,1383807469,1,"2018-10-01",2018,"北海道","Hokkaido"
5086,1959,3127,573220921,259315402,313905519,2,"2018-10-01",2018,"青森","Aomori"
4311,1778,2533,487146115,230876881,256269234,3,"2018-10-01",2018,"岩手","Iwate"
7947,3112,4835,988468389,443516461,544951928,4,"2018-10-01",2018,"宮城","Miyagi"
3421,1366,2055,377939554,169776395,208163159,5,"2018-10-01",2018,"秋田","Akita"
3443,1361,2082,418115653,186945692,231169961,6,"2018-10-01",2018,"山形","Yamagata"
5978,2528,3450,744305897,362769949,381535948,7,"2018-10-01",2018,"福島","Fukushima"
7511,3093,4418,979094318,460960245,518134073,8,"2018-10-01",2018,"茨城","Ibaraki"
5447,2322,3125,688924735,333207896,355716839,9,"2018-10-01",2018,"栃木","Tochigi"
4949,2144,2805,631305823,301113123,330192700,10,"2018-10-01",2018,"群馬","Gunma"
20160,8547,11613,2690025062,1288163129,1401861933,11,"2018-10-01",2018,"埼玉","Saitama"
16392,6831,9561,2296451748,1072571717,1223880031,12,"2018-10-01",2018,"千葉","Chiba"
38513,15886,22627,5702762713,2562707418,3140055295,13,"2018-10-01",2018,"東京","Tokyo"
25103,10862,14241,3658418953,1778363600,1880055353,14,"2018-10-01",2018,"神奈川","Kanagawa"
6754,2592,4162,802652026,352303451,450348575,15,"2018-10-01",2018,"新潟","Niigata"
2803,1097,1706,343679297,149403145,194276152,16,"2018-10-01",2018,"富山","Toyama"
3388,1227,2161,404627848,166088269,238539579,17,"2018-10-01",2018,"石川","Ishikawa"
2234,799,1435,262062140,106750965,155311175,18,"2018-10-01",2018,"福井","Fukui"
2307,903,1404,277082933,127192871,149890062,19,"2018-10-01",2018,"山梨","Yamanashi"
6420,2540,3880,761911795,339815159,422096636,20,"2018-10-01",2018,"長野","Nagano"
6111,2364,3747,749400991,327865969,421535022,21,"2018-10-01",2018,"岐阜","Gifu"
10886,4361,6525,1358906215,610426979,748479236,22,"2018-10-01",2018,"静岡","Shizuoka"
21339,8364,12975,2802724338,1235623473,1567100865,23,"2018-10-01",2018,"愛知","Aichi"
6375,2425,3950,795638100,345234243,450403857,24,"2018-10-01",2018,"三重","Mie"
4631,1747,2884,575754505,251954649,323799856,25,"2018-10-01",2018,"滋賀","Shiga"
8916,3295,5621,1157884918,484879095,673005823,26,"2018-10-01",2018,"京都","Kyoto"
28730,11055,17675,3763294345,1645880956,2117413389,27,"2018-10-01",2018,"大阪","Osaka"
19933,7588,12345,2542986375,1113618311,1429368064,28,"2018-10-01",2018,"兵庫","Hyogo"
3973,1641,2332,494480058,230278147,264201911,29,"2018-10-01",2018,"奈良","Nara"
3090,1194,1896,351418160,158947127,192471033,30,"2018-10-01",2018,"和歌山","Wakayama"
2234,919,1315,243671520,113831798,129839722,31,"2018-10-01",2018,"鳥取","Tottori"
2302,945,1357,261254347,118986359,142267988,32,"2018-10-01",2018,"島根","Shimane"
8187,3190,4997,956871134,424231799,532639335,33,"2018-10-01",2018,"岡山","Okayama"
11834,4372,7462,1462403068,617132937,845270131,34,"2018-10-01",2018,"広島","Hiroshima"
4307,1480,2827,523579670,210980017,312599653,35,"2018-10-01",2018,"山口","Yamaguchi"
2471,1037,1434,297213471,139533246,157680225,36,"2018-10-01",2018,"徳島","Tokushima"
3214,1243,1971,371794393,160341482,211452911,37,"2018-10-01",2018,"香川","Kagawa"
4919,1871,3048,586883341,262300292,324583049,38,"2018-10-01",2018,"愛媛","Ehime"
2926,1156,1770,338406073,151302417,187103656,39,"2018-10-01",2018,"高知","Kochi"
20842,7502,13340,2610650733,1073006485,1537644248,40,"2018-10-01",2018,"福岡","Fukuoka"
3168,1118,2050,366354696,146452333,219902363,41,"2018-10-01",2018,"佐賀","Saga"
5236,1833,3403,582681751,236829687,345852064,42,"2018-10-01",2018,"長崎","Nagasaki"
6809,2556,4253,764512838,328388887,436123951,43,"2018-10-01",2018,"熊本","Kumamoto"
4576,1644,2932,514250539,216661549,297588990,44,"2018-10-01",2018,"大分","Oita"
4371,1613,2758,494046003,210120757,283925246,45,"2018-10-01",2018,"宮崎","Miyazaki"
6603,2390,4213,744903577,313711315,431192262,46,"2018-10-01",2018,"鹿児島","Kagoshima"
4715,1930,2785,572911993,264198684,308713309,47,"2018-10-01",2018,"沖縄","Okinawa"
379843,150501,229342,46767855033,21069788016,25698067017,99,"2018-11-01",2018,"全国","zenkoku"
18582,6543,12039,2116527755,863540974,1252986781,1,"2018-11-01",2018,"北海道","Hokkaido"
4770,1853,2917,524248765,238641072,285607693,2,"2018-11-01",2018,"青森","Aomori"
3908,1614,2294,446959681,210215758,236743923,3,"2018-11-01",2018,"岩手","Iwate"
7302,2856,4446,856296752,381310343,474986409,4,"2018-11-01",2018,"宮城","Miyagi"
3162,1302,1860,348493813,163686733,184807080,5,"2018-11-01",2018,"秋田","Akita"
3119,1251,1868,375729556,167079875,208649681,6,"2018-11-01",2018,"山形","Yamagata"
5486,2257,3229,644276245,299161742,345114503,7,"2018-11-01",2018,"福島","Fukushima"
7086,2941,4145,886402201,423908902,462493299,8,"2018-11-01",2018,"茨城","Ibaraki"
5117,2218,2899,629790604,304663416,325127188,9,"2018-11-01",2018,"栃木","Tochigi"
4728,1978,2750,564246594,271495528,292751066,10,"2018-11-01",2018,"群馬","Gunma"
19033,8046,10987,2467014761,1178524339,1288490422,11,"2018-11-01",2018,"埼玉","Saitama"
15586,6647,8939,2080672787,992596826,1088075961,12,"2018-11-01",2018,"千葉","Chiba"
36801,15294,21507,5134815060,2338841018,2795974042,13,"2018-11-01",2018,"東京","Tokyo"
23931,10330,13601,3321815437,1620075931,1701739506,14,"2018-11-01",2018,"神奈川","Kanagawa"
6387,2451,3936,732398818,321026262,411372556,15,"2018-11-01",2018,"新潟","Niigata"
2654,1025,1629,323296021,139811839,183484182,16,"2018-11-01",2018,"富山","Toyama"
3237,1188,2049,390000609,165772954,224227655,17,"2018-11-01",2018,"石川","Ishikawa"
2103,762,1341,236939186,97569147,139370039,18,"2018-11-01",2018,"福井","Fukui"
2207,878,1329,276050566,127221737,148828829,19,"2018-11-01",2018,"山梨","Yamanashi"
6102,2434,3668,717077479,322359953,394717526,20,"2018-11-01",2018,"長野","Nagano"
5692,2254,3438,649796851,294227026,355569825,21,"2018-11-01",2018,"岐阜","Gifu"
10198,4119,6079,1231513076,562720810,668792266,22,"2018-11-01",2018,"静岡","Shizuoka"
20111,8072,12039,2584470743,1166256103,1418214640,23,"2018-11-01",2018,"愛知","Aichi"
5951,2325,3626,700219392,308220410,391998982,24,"2018-11-01",2018,"三重","Mie"
4325,1698,2627,530649788,239375850,291273938,25,"2018-11-01",2018,"滋賀","Shiga"
8179,3136,5043,1006105458,442077683,564027775,26,"2018-11-01",2018,"京都","Kyoto"
27494,10597,16897,3487499232,1510976455,1976522777,27,"2018-11-01",2018,"大阪","Osaka"
18662,7232,11430,2301830205,1027900376,1273929829,28,"2018-11-01",2018,"兵庫","Hyogo"
3737,1516,2221,459370049,213381571,245988478,29,"2018-11-01",2018,"奈良","Nara"
2879,1129,1750,317991548,145878076,172113472,30,"2018-11-01",2018,"和歌山","Wakayama"
1963,825,1138,213572706,101528682,112044024,31,"2018-11-01",2018,"鳥取","Tottori"
2063,845,1218,233570856,105637913,127932943,32,"2018-11-01",2018,"島根","Shimane"
7308,2861,4447,840050703,366555415,473495288,33,"2018-11-01",2018,"岡山","Okayama"
10894,4094,6800,1271345289,544745840,726599449,34,"2018-11-01",2018,"広島","Hiroshima"
3949,1412,2537,462676084,194240771,268435313,35,"2018-11-01",2018,"山口","Yamaguchi"
2361,992,1369,273835585,133754905,140080680,36,"2018-11-01",2018,"徳島","Tokushima"
3071,1198,1873,344633222,151220713,193412509,37,"2018-11-01",2018,"香川","Kagawa"
4615,1758,2857,531282785,236301313,294981472,38,"2018-11-01",2018,"愛媛","Ehime"
2699,1097,1602,300133867,139117505,161016362,39,"2018-11-01",2018,"高知","Kochi"
19195,7008,12187,2266390818,955064265,1311326553,40,"2018-11-01",2018,"福岡","Fukuoka"
3016,1086,1930,339673028,141953657,197719371,41,"2018-11-01",2018,"佐賀","Saga"
4914,1810,3104,542260819,234593088,307667731,42,"2018-11-01",2018,"長崎","Nagasaki"
6217,2405,3812,705443977,312433352,393010625,43,"2018-11-01",2018,"熊本","Kumamoto"
4264,1546,2718,465345564,196323550,269022014,44,"2018-11-01",2018,"大分","Oita"
4024,1489,2535,437823224,191001817,246821407,45,"2018-11-01",2018,"宮崎","Miyazaki"
6206,2228,3978,675042679,283539049,391503630,46,"2018-11-01",2018,"鹿児島","Kagoshima"
4555,1901,2654,522274795,243257472,279017323,47,"2018-11-01",2018,"沖縄","Okinawa"
357329,143123,214206,39550909348,17988795055,21562114293,99,"2018-12-01",2018,"全国","zenkoku"
17418,6263,11155,1787104785,740336655,1046768130,1,"2018-12-01",2018,"北海道","Hokkaido"
4360,1700,2660,420228166,191327180,228900986,2,"2018-12-01",2018,"青森","Aomori"
3806,1587,2219,386756527,181435799,205320728,3,"2018-12-01",2018,"岩手","Iwate"
6969,2732,4237,753704624,336863961,416840663,4,"2018-12-01",2018,"宮城","Miyagi"
2945,1167,1778,291856593,133805081,158051512,5,"2018-12-01",2018,"秋田","Akita"
2890,1147,1743,299284988,134172846,165112142,6,"2018-12-01",2018,"山形","Yamagata"
5197,2145,3052,555822939,259888385,295934554,7,"2018-12-01",2018,"福島","Fukushima"
6625,2782,3843,742205602,355312329,386893273,8,"2018-12-01",2018,"茨城","Ibaraki"
4719,2071,2648,511510952,251384936,260126016,9,"2018-12-01",2018,"栃木","Tochigi"
4418,1888,2530,482761454,235051310,247710144,10,"2018-12-01",2018,"群馬","Gunma"
17911,7719,10192,2064887006,1007734131,1057152875,11,"2018-12-01",2018,"埼玉","Saitama"
14834,6325,8509,1859437252,889735820,969701432,12,"2018-12-01",2018,"千葉","Chiba"
34663,14477,20186,4204701186,1919600999,2285100187,13,"2018-12-01",2018,"東京","Tokyo"
22513,9877,12636,2807118843,1371876459,1435242384,14,"2018-12-01",2018,"神奈川","Kanagawa"
5942,2313,3629,602151503,262982718,339168785,15,"2018-12-01",2018,"新潟","Niigata"
2476,982,1494,265240856,119728067,145512789,16,"2018-12-01",2018,"富山","Toyama"
3039,1147,1892,323274757,139510846,183763911,17,"2018-12-01",2018,"石川","Ishikawa"
2132,777,1355,238161156,96598456,141562700,18,"2018-12-01",2018,"福井","Fukui"
2048,835,1213,224407870,104391467,120016403,19,"2018-12-01",2018,"山梨","Yamanashi"
5730,2287,3443,611897313,278945512,332951801,20,"2018-12-01",2018,"長野","Nagano"
5263,2124,3139,537083176,247480379,289602797,21,"2018-12-01",2018,"岐阜","Gifu"
9577,3966,5611,1034017011,477674179,556342832,22,"2018-12-01",2018,"静岡","Shizuoka"
18956,7685,11271,2148492560,981729585,1166762975,23,"2018-12-01",2018,"愛知","Aichi"
5520,2173,3347,603281818,273008454,330273364,24,"2018-12-01",2018,"三重","Mie"
4103,1601,2502,442744105,202955012,239789093,25,"2018-12-01",2018,"滋賀","Shiga"
7695,3026,4669,850937819,381112031,469825788,26,"2018-12-01",2018,"京都","Kyoto"
25304,9923,15381,2868597566,1258953069,1609644497,27,"2018-12-01",2018,"大阪","Osaka"
17381,6865,10516,1916336591,869348816,1046987775,28,"2018-12-01",2018,"兵庫","Hyogo"
3486,1442,2044,387870490,183512602,204357888,29,"2018-12-01",2018,"奈良","Nara"
2717,1054,1663,271428510,125204373,146224137,30,"2018-12-01",2018,"和歌山","Wakayama"
1825,781,1044,179318347,87145150,92173197,31,"2018-12-01",2018,"鳥取","Tottori"
1937,757,1180,195252388,84408560,110843828,32,"2018-12-01",2018,"島根","Shimane"
6820,2705,4115,702272010,314881759,387390251,33,"2018-12-01",2018,"岡山","Okayama"
10214,3895,6319,1055987224,462781711,593205513,34,"2018-12-01",2018,"広島","Hiroshima"
3700,1400,2300,381881847,165560827,216321020,35,"2018-12-01",2018,"山口","Yamaguchi"
2197,930,1267,231899412,109187293,122712119,36,"2018-12-01",2018,"徳島","Tokushima"
2898,1146,1752,301487625,134712208,166775417,37,"2018-12-01",2018,"香川","Kagawa"
4291,1625,2666,430644413,190217755,240426658,38,"2018-12-01",2018,"愛媛","Ehime"
2613,1047,1566,270727387,122292382,148435005,39,"2018-12-01",2018,"高知","Kochi"
18426,6733,11693,2068688204,876480085,1192208119,40,"2018-12-01",2018,"福岡","Fukuoka"
2756,1004,1752,278398802,118154538,160244264,41,"2018-12-01",2018,"佐賀","Saga"
4644,1719,2925,464008335,204045557,259962778,42,"2018-12-01",2018,"長崎","Nagasaki"
6017,2343,3674,598043022,267624560,330418462,43,"2018-12-01",2018,"熊本","Kumamoto"
4064,1482,2582,409897292,176025073,233872219,44,"2018-12-01",2018,"大分","Oita"
3774,1414,2360,380670594,166523726,214146868,45,"2018-12-01",2018,"宮崎","Miyazaki"
5996,2160,3836,586518051,249855711,336662340,46,"2018-12-01",2018,"鹿児島","Kagoshima"
4520,1902,2618,521910377,247236703,274673674,47,"2018-12-01",2018,"沖縄","Okinawa"
361170,146881,214289,49772470232,23060286384,26712183848,99,"2019-01-01",2019,"全国","zenkoku"
18041,6693,11348,2301851256,985273049,1316578207,1,"2019-01-01",2019,"北海道","Hokkaido"
4622,1846,2776,561516407,263973450,297542957,2,"2019-01-01",2019,"青森","Aomori"
4025,1688,2337,490092149,236040906,254051243,3,"2019-01-01",2019,"岩手","Iwate"
6816,2677,4139,885694876,405388037,480306839,4,"2019-01-01",2019,"宮城","Miyagi"
3017,1237,1780,363388210,169639698,193748512,5,"2019-01-01",2019,"秋田","Akita"
2968,1177,1791,391074525,176180015,214894510,6,"2019-01-01",2019,"山形","Yamagata"
5366,2235,3131,700355211,331118372,369236839,7,"2019-01-01",2019,"福島","Fukushima"
6747,2843,3904,980850506,474404059,506446447,8,"2019-01-01",2019,"茨城","Ibaraki"
4889,2193,2696,665423124,335989867,329433257,9,"2019-01-01",2019,"栃木","Tochigi"
4546,2000,2546,629867040,318917084,310949956,10,"2019-01-01",2019,"群馬","Gunma"
18706,8242,10464,2742520973,1361444294,1381076679,11,"2019-01-01",2019,"埼玉","Saitama"
14673,6325,8348,2142751956,1035768919,1106983037,12,"2019-01-01",2019,"千葉","Chiba"
35368,14895,20473,5783470122,2672993547,3110476575,13,"2019-01-01",2019,"東京","Tokyo"
22198,9877,12321,3457667495,1734743968,1722923527,14,"2019-01-01",2019,"神奈川","Kanagawa"
5977,2376,3601,774714259,348491595,426222664,15,"2019-01-01",2019,"新潟","Niigata"
2483,972,1511,333632624,146151761,187480863,16,"2019-01-01",2019,"富山","Toyama"
3118,1191,1927,415616263,182716492,232899771,17,"2019-01-01",2019,"石川","Ishikawa"
2070,773,1297,239991884,103671962,136319922,18,"2019-01-01",2019,"福井","Fukui"
2102,863,1239,277167689,127520548,149647141,19,"2019-01-01",2019,"山梨","Yamanashi"
5972,2411,3561,781875109,355685981,426189128,20,"2019-01-01",2019,"長野","Nagano"
5218,2147,3071,704042142,329472493,374569649,21,"2019-01-01",2019,"岐阜","Gifu"
9922,4147,5775,1355277853,639086734,716191119,22,"2019-01-01",2019,"静岡","Shizuoka"
18992,7760,11232,2758907270,1283516436,1475390834,23,"2019-01-01",2019,"愛知","Aichi"
5615,2346,3269,740849116,354750875,386098241,24,"2019-01-01",2019,"三重","Mie"
4310,1676,2634,566093785,259465397,306628388,25,"2019-01-01",2019,"滋賀","Shiga"
7814,3129,4685,1076660996,493314880,583346116,26,"2019-01-01",2019,"京都","Kyoto"
25139,10020,15119,3558785652,1604921074,1953864578,27,"2019-01-01",2019,"大阪","Osaka"
17212,6821,10391,2381325405,1083192019,1298133386,28,"2019-01-01",2019,"兵庫","Hyogo"
3406,1410,1996,453485754,213915622,239570132,29,"2019-01-01",2019,"奈良","Nara"
2896,1122,1774,353656179,163248965,190407214,30,"2019-01-01",2019,"和歌山","Wakayama"
1865,821,1044,227755601,114266762,113488839,31,"2019-01-01",2019,"鳥取","Tottori"
1967,809,1158,237970664,108342180,129628484,32,"2019-01-01",2019,"島根","Shimane"
6663,2692,3971,832777132,380051457,452725675,33,"2019-01-01",2019,"岡山","Okayama"
10006,3948,6058,1345969616,601595952,744373664,34,"2019-01-01",2019,"広島","Hiroshima"
3737,1423,2314,500616852,223086806,277530046,35,"2019-01-01",2019,"山口","Yamaguchi"
2256,972,1284,299544277,142387914,157156363,36,"2019-01-01",2019,"徳島","Tokushima"
3000,1212,1788,381152449,175499513,205652936,37,"2019-01-01",2019,"香川","Kagawa"
4444,1698,2746,566764235,249663237,317100998,38,"2019-01-01",2019,"愛媛","Ehime"
2621,1090,1531,326812698,152296884,174515814,39,"2019-01-01",2019,"高知","Kochi"
17946,6732,11214,2290801551,999526134,1291275417,40,"2019-01-01",2019,"福岡","Fukuoka"
2896,1041,1855,349343864,146744843,202599021,41,"2019-01-01",2019,"佐賀","Saga"
4889,1815,3074,582562015,250201294,332360721,42,"2019-01-01",2019,"長崎","Nagasaki"
6424,2576,3848,792957756,369528805,423428951,43,"2019-01-01",2019,"熊本","Kumamoto"
4163,1537,2626,493658941,212538962,281119979,44,"2019-01-01",2019,"大分","Oita"
3839,1449,2390,458280306,198604826,259675480,45,"2019-01-01",2019,"宮崎","Miyazaki"
5989,2194,3795,716291281,307185839,409105442,46,"2019-01-01",2019,"鹿児島","Kagoshima"
4237,1780,2457,500605164,237766877,262838287,47,"2019-01-01",2019,"沖縄","Okinawa"
345754,142618,203136,39567620100,18554870010,21012750090,99,"2019-02-01",2019,"全国","zenkoku"
17445,6583,10862,1850255802,813056097,1037199705,1,"2019-02-01",2019,"北海道","Hokkaido"
4406,1789,2617,448762953,215281484,233481469,2,"2019-02-01",2019,"青森","Aomori"
3720,1601,2119,382262135,187733108,194529027,3,"2019-02-01",2019,"岩手","Iwate"
6439,2608,3831,707281944,330078098,377203846,4,"2019-02-01",2019,"宮城","Miyagi"
2776,1204,1572,280833293,139331044,141502249,5,"2019-02-01",2019,"秋田","Akita"
2928,1211,1717,323668533,149314307,174354226,6,"2019-02-01",2019,"山形","Yamagata"
5023,2152,2871,563395883,269856080,293539803,7,"2019-02-01",2019,"福島","Fukushima"
6573,2826,3747,756913330,376792806,380120524,8,"2019-02-01",2019,"茨城","Ibaraki"
4803,2177,2626,551393679,282191052,269202627,9,"2019-02-01",2019,"栃木","Tochigi"
4288,1890,2398,486414536,243104783,243309753,10,"2019-02-01",2019,"群馬","Gunma"
17936,7944,9992,2172219144,1079688208,1092530936,11,"2019-02-01",2019,"埼玉","Saitama"
14308,6379,7929,1790010115,888073899,901936216,12,"2019-02-01",2019,"千葉","Chiba"
34016,14397,19619,4420848944,2050718285,2370130659,13,"2019-02-01",2019,"東京","Tokyo"
22349,10125,12224,2854007937,1440376308,1413631629,14,"2019-02-01",2019,"神奈川","Kanagawa"
5900,2366,3534,637034239,290717469,346316770,15,"2019-02-01",2019,"新潟","Niigata"
2401,955,1446,270951299,122301583,148649716,16,"2019-02-01",2019,"富山","Toyama"
2999,1146,1853,331529966,145176986,186352980,17,"2019-02-01",2019,"石川","Ishikawa"
1959,727,1232,205502254,88795173,116707081,18,"2019-02-01",2019,"福井","Fukui"
2023,867,1156,228788350,111863843,116924507,19,"2019-02-01",2019,"山梨","Yamanashi"
5859,2412,3447,638748262,296100437,342647825,20,"2019-02-01",2019,"長野","Nagano"
4878,2009,2869,525175054,249479084,275695970,21,"2019-02-01",2019,"岐阜","Gifu"
9522,4124,5398,1071329027,518746540,552582487,22,"2019-02-01",2019,"静岡","Shizuoka"
18112,7479,10633,2154853297,1006981619,1147871678,23,"2019-02-01",2019,"愛知","Aichi"
5401,2291,3110,599212287,293322736,305889551,24,"2019-02-01",2019,"三重","Mie"
3969,1574,2395,438767522,202087449,236680073,25,"2019-02-01",2019,"滋賀","Shiga"
7340,2963,4377,851434103,391803921,459630182,26,"2019-02-01",2019,"京都","Kyoto"
24682,10027,14655,2889120941,1322630088,1566490853,27,"2019-02-01",2019,"大阪","Osaka"
16319,6544,9775,1854271267,857530240,996741027,28,"2019-02-01",2019,"兵庫","Hyogo"
3319,1397,1922,377032488,181664734,195367754,29,"2019-02-01",2019,"奈良","Nara"
2626,1030,1596,277790036,126598371,151191665,30,"2019-02-01",2019,"和歌山","Wakayama"
1777,788,989,179993595,89884140,90109455,31,"2019-02-01",2019,"鳥取","Tottori"
1845,790,1055,190766191,90148887,100617304,32,"2019-02-01",2019,"島根","Shimane"
5887,2421,3466,623473662,293238056,330235606,33,"2019-02-01",2019,"岡山","Okayama"
9022,3598,5424,983454004,452710989,530743015,34,"2019-02-01",2019,"広島","Hiroshima"
3552,1369,2183,383940656,167996046,215944610,35,"2019-02-01",2019,"山口","Yamaguchi"
2053,878,1175,227008855,110088654,116920201,36,"2019-02-01",2019,"徳島","Tokushima"
2824,1166,1658,297276445,137514212,159762233,37,"2019-02-01",2019,"香川","Kagawa"
4145,1579,2566,427746701,189043200,238703501,38,"2019-02-01",2019,"愛媛","Ehime"
2493,1017,1476,261804808,120724122,141080686,39,"2019-02-01",2019,"高知","Kochi"
17200,6509,10691,1890379359,829190076,1061189283,40,"2019-02-01",2019,"福岡","Fukuoka"
2750,981,1769,282822833,119536644,163286189,41,"2019-02-01",2019,"佐賀","Saga"
4581,1698,2883,467146997,201404948,265742049,42,"2019-02-01",2019,"長崎","Nagasaki"
5866,2400,3466,620633877,292325795,328308082,43,"2019-02-01",2019,"熊本","Kumamoto"
3931,1454,2477,402502158,173088606,229413552,44,"2019-02-01",2019,"大分","Oita"
3590,1336,2254,364508469,157913912,206594557,45,"2019-02-01",2019,"宮崎","Miyazaki"
5768,2108,3660,579438530,251144025,328294505,46,"2019-02-01",2019,"鹿児島","Kagoshima"
4151,1729,2422,444914340,207521866,237392474,47,"2019-02-01",2019,"沖縄","Okinawa"
339181,141044,198137,40570653030,19160000193,21410652837,99,"2019-03-01",2019,"全国","zenkoku"
17469,6633,10836,1958555435,859751693,1098803742,1,"2019-03-01",2019,"北海道","Hokkaido"
4426,1818,2608,458984113,222886076,236098037,2,"2019-03-01",2019,"青森","Aomori"
3540,1492,2048,376930509,184630816,192299693,3,"2019-03-01",2019,"岩手","Iwate"
6234,2527,3707,706915352,331373045,375542307,4,"2019-03-01",2019,"宮城","Miyagi"
2768,1223,1545,299601905,150599727,149002178,5,"2019-03-01",2019,"秋田","Akita"
2932,1208,1724,331350646,153770592,177580054,6,"2019-03-01",2019,"山形","Yamagata"
4899,2103,2796,557232140,272445302,284786838,7,"2019-03-01",2019,"福島","Fukushima"
6452,2847,3605,775810302,391329649,384480653,8,"2019-03-01",2019,"茨城","Ibaraki"
4776,2168,2608,581167272,300112096,281055176,9,"2019-03-01",2019,"栃木","Tochigi"
4187,1878,2309,496051298,249899830,246151468,10,"2019-03-01",2019,"群馬","Gunma"
17638,7953,9685,2217284487,1120310549,1096973938,11,"2019-03-01",2019,"埼玉","Saitama"
13999,6279,7720,1809558103,913025047,896533056,12,"2019-03-01",2019,"千葉","Chiba"
33199,14092,19107,4494419980,2094887458,2399532522,13,"2019-03-01",2019,"東京","Tokyo"
22076,10074,12002,3016062696,1537651841,1478410855,14,"2019-03-01",2019,"神奈川","Kanagawa"
5914,2378,3536,673029427,307223647,365805780,15,"2019-03-01",2019,"新潟","Niigata"
2401,975,1426,279438643,127572081,151866562,16,"2019-03-01",2019,"富山","Toyama"
3025,1177,1848,350911925,154355973,196555952,17,"2019-03-01",2019,"石川","Ishikawa"
1935,754,1181,211429082,94261529,117167553,18,"2019-03-01",2019,"福井","Fukui"
1975,874,1101,243306764,122371747,120935017,19,"2019-03-01",2019,"山梨","Yamanashi"
5735,2377,3358,683166999,320009778,363157221,20,"2019-03-01",2019,"長野","Nagano"
4810,2001,2809,532574124,253704288,278869836,21,"2019-03-01",2019,"岐阜","Gifu"
9466,4113,5353,1145977820,560892470,585085350,22,"2019-03-01",2019,"静岡","Shizuoka"
17863,7384,10479,2232745417,1038616550,1194128867,23,"2019-03-01",2019,"愛知","Aichi"
5260,2267,2993,604384104,299631668,304752436,24,"2019-03-01",2019,"三重","Mie"
3833,1522,2311,435353655,196750448,238603207,25,"2019-03-01",2019,"滋賀","Shiga"
7139,2914,4225,851504650,388521452,462983198,26,"2019-03-01",2019,"京都","Kyoto"
24084,9885,14199,3019289798,1392144943,1627144855,27,"2019-03-01",2019,"大阪","Osaka"
15807,6412,9395,1853578749,854680744,998898005,28,"2019-03-01",2019,"兵庫","Hyogo"
3189,1368,1821,395721354,196341833,199379521,29,"2019-03-01",2019,"奈良","Nara"
2581,1000,1581,278561859,127705524,150856335,30,"2019-03-01",2019,"和歌山","Wakayama"
1718,723,995,175813430,85227317,90586113,31,"2019-03-01",2019,"鳥取","Tottori"
1762,765,997,188062608,89560587,98502021,32,"2019-03-01",2019,"島根","Shimane"
5812,2420,3392,622319731,295570710,326749021,33,"2019-03-01",2019,"岡山","Okayama"
9057,3633,5424,997860745,459234059,538626686,34,"2019-03-01",2019,"広島","Hiroshima"
3555,1337,2218,390452429,171783100,218669329,35,"2019-03-01",2019,"山口","Yamaguchi"
2028,869,1159,227931819,110592961,117338858,36,"2019-03-01",2019,"徳島","Tokushima"
2751,1138,1613,307834289,145643129,162191160,37,"2019-03-01",2019,"香川","Kagawa"
3996,1537,2459,431927748,195216236,236711512,38,"2019-03-01",2019,"愛媛","Ehime"
2428,1022,1406,265374450,123688381,141686069,39,"2019-03-01",2019,"高知","Kochi"
16884,6448,10436,1909945575,842734125,1067211450,40,"2019-03-01",2019,"福岡","Fukuoka"
2699,947,1752,288863827,121029131,167834696,41,"2019-03-01",2019,"佐賀","Saga"
4406,1666,2740,467131240,204041102,263090138,42,"2019-03-01",2019,"長崎","Nagasaki"
5717,2364,3353,635378208,301255550,334122658,43,"2019-03-01",2019,"熊本","Kumamoto"
3768,1446,2322,411613788,182324340,229289448,44,"2019-03-01",2019,"大分","Oita"
3462,1277,2185,361294511,152291964,209002547,45,"2019-03-01",2019,"宮崎","Miyazaki"
5533,2057,3476,581621887,252784143,328837744,46,"2019-03-01",2019,"鹿児島","Kagoshima"
3993,1699,2294,436328137,209564962,226763175,47,"2019-03-01",2019,"沖縄","Okinawa"
347674,145264,202410,41921592444,19861255818,22060336626,99,"2019-04-01",2019,"全国","zenkoku"
17790,6789,11001,1980932845,877142494,1103790351,1,"2019-04-01",2019,"北海道","Hokkaido"
4548,1891,2657,473914266,234482731,239431535,2,"2019-04-01",2019,"青森","Aomori"
3816,1596,2220,380301653,187992470,192309183,3,"2019-04-01",2019,"岩手","Iwate"
6447,2647,3800,762404910,360091544,402313366,4,"2019-04-01",2019,"宮城","Miyagi"
2986,1287,1699,293465293,145767339,147697954,5,"2019-04-01",2019,"秋田","Akita"
3164,1312,1852,334994298,156708047,178286251,6,"2019-04-01",2019,"山形","Yamagata"
5220,2263,2957,612132389,300048336,312084053,7,"2019-04-01",2019,"福島","Fukushima"
6468,2905,3563,784397410,400561395,383836015,8,"2019-04-01",2019,"茨城","Ibaraki"
5121,2382,2739,632965936,327320630,305645306,9,"2019-04-01",2019,"栃木","Tochigi"
4324,1953,2371,525778215,267745690,258032525,10,"2019-04-01",2019,"群馬","Gunma"
17440,8003,9437,2185604938,1120907912,1064697026,11,"2019-04-01",2019,"埼玉","Saitama"
14014,6321,7693,1921643881,974457358,947186523,12,"2019-04-01",2019,"千葉","Chiba"
33594,14327,19267,4788008865,2221203904,2566804961,13,"2019-04-01",2019,"東京","Tokyo"
21777,9991,11786,3125052267,1592042963,1533009304,14,"2019-04-01",2019,"神奈川","Kanagawa"
6410,2617,3793,711516648,329413102,382103546,15,"2019-04-01",2019,"新潟","Niigata"
2477,1028,1449,279956048,129805121,150150927,16,"2019-04-01",2019,"富山","Toyama"
3241,1247,1994,366525686,160637460,205888226,17,"2019-04-01",2019,"石川","Ishikawa"
2031,783,1248,218159775,98065435,120094340,18,"2019-04-01",2019,"福井","Fukui"
1996,893,1103,234530835,118015091,116515744,19,"2019-04-01",2019,"山梨","Yamanashi"
5782,2376,3406,635329831,295691736,339638095,20,"2019-04-01",2019,"長野","Nagano"
5007,2136,2871,557711567,270659395,287052172,21,"2019-04-01",2019,"岐阜","Gifu"
9725,4302,5423,1126061504,558282671,567778833,22,"2019-04-01",2019,"静岡","Shizuoka"
17480,7279,10201,2049456514,948685652,1100770862,23,"2019-04-01",2019,"愛知","Aichi"
5351,2322,3029,628530887,307163851,321367036,24,"2019-04-01",2019,"三重","Mie"
4113,1640,2473,455763339,205620087,250143252,25,"2019-04-01",2019,"滋賀","Shiga"
7199,2875,4324,870555322,399578164,470977158,26,"2019-04-01",2019,"京都","Kyoto"
24320,10047,14273,3110633939,1449347330,1661286609,27,"2019-04-01",2019,"大阪","Osaka"
16172,6574,9598,1972697044,913576526,1059120518,28,"2019-04-01",2019,"兵庫","Hyogo"
3206,1392,1814,398818162,196126423,202691739,29,"2019-04-01",2019,"奈良","Nara"
2683,1063,1620,291492182,135547593,155944589,30,"2019-04-01",2019,"和歌山","Wakayama"
1881,782,1099,190356382,89043006,101313376,31,"2019-04-01",2019,"鳥取","Tottori"
1980,824,1156,193813309,94108897,99704412,32,"2019-04-01",2019,"島根","Shimane"
6155,2557,3598,651818146,304106072,347712074,33,"2019-04-01",2019,"岡山","Okayama"
9849,3861,5988,1123088861,503076080,620012781,34,"2019-04-01",2019,"広島","Hiroshima"
3600,1316,2284,407910463,171916753,235993710,35,"2019-04-01",2019,"山口","Yamaguchi"
2111,897,1214,231216621,111046963,120169658,36,"2019-04-01",2019,"徳島","Tokushima"
2824,1165,1659,293275112,138526161,154748951,37,"2019-04-01",2019,"香川","Kagawa"
4150,1626,2524,465622402,213620081,252002321,38,"2019-04-01",2019,"愛媛","Ehime"
2707,1143,1564,259200138,122599595,136600543,39,"2019-04-01",2019,"高知","Kochi"
17772,6838,10934,2131182797,946595919,1184586878,40,"2019-04-01",2019,"福岡","Fukuoka"
2616,928,1688,259756223,108433732,151322491,41,"2019-04-01",2019,"佐賀","Saga"
4656,1758,2898,481951741,209267826,272683915,42,"2019-04-01",2019,"長崎","Nagasaki"
6191,2531,3660,664762511,315520302,349242209,43,"2019-04-01",2019,"熊本","Kumamoto"
3861,1456,2405,406202410,179522841,226679569,44,"2019-04-01",2019,"大分","Oita"
3579,1358,2221,365381586,160099559,205282027,45,"2019-04-01",2019,"宮崎","Miyazaki"
5756,2187,3569,599826892,269069379,330757513,46,"2019-04-01",2019,"鹿児島","Kagoshima"
4084,1796,2288,486890401,242014202,244876199,47,"2019-04-01",2019,"沖縄","Okinawa"
387675,158197,229478,47952370728,22463609902,25488760826,99,"2019-05-01",2019,"全国","zenkoku"
19417,7001,12416,2211215045,933761773,1277453272,1,"2019-05-01",2019,"北海道","Hokkaido"
5044,2004,3040,558445247,262032804,296412443,2,"2019-05-01",2019,"青森","Aomori"
4275,1752,2523,455153948,213347006,241806942,3,"2019-05-01",2019,"岩手","Iwate"
7307,2938,4369,843789956,392654245,451135711,4,"2019-05-01",2019,"宮城","Miyagi"
3388,1354,2034,361983691,166618721,195364970,5,"2019-05-01",2019,"秋田","Akita"
3565,1396,2169,404339822,182216173,222123649,6,"2019-05-01",2019,"山形","Yamagata"
5682,2397,3285,639167233,311008004,328159229,7,"2019-05-01",2019,"福島","Fukushima"
7275,3157,4118,912825957,464099128,448726829,8,"2019-05-01",2019,"茨城","Ibaraki"
5508,2457,3051,670680419,341413551,329266868,9,"2019-05-01",2019,"栃木","Tochigi"
4667,2064,2603,560099114,285919265,274179849,10,"2019-05-01",2019,"群馬","Gunma"
19628,8849,10779,2643804787,1354953855,1288850932,11,"2019-05-01",2019,"埼玉","Saitama"
15031,6694,8337,1999485392,1006993927,992491465,12,"2019-05-01",2019,"千葉","Chiba"
37306,15860,21446,5421151998,2547548456,2873603542,13,"2019-05-01",2019,"東京","Tokyo"
24185,11343,12842,3345399535,1760130913,1585268622,14,"2019-05-01",2019,"神奈川","Kanagawa"
7161,2839,4322,820694481,371154944,449539537,15,"2019-05-01",2019,"新潟","Niigata"
2811,1122,1689,325963258,148655335,177307923,16,"2019-05-01",2019,"富山","Toyama"
3567,1311,2256,411156304,172083053,239073251,17,"2019-05-01",2019,"石川","Ishikawa"
2246,809,1437,238952337,98648329,140304008,18,"2019-05-01",2019,"福井","Fukui"
2185,953,1232,264548358,131265694,133282664,19,"2019-05-01",2019,"山梨","Yamanashi"
6688,2690,3998,806038513,371579764,434458749,20,"2019-05-01",2019,"長野","Nagano"
5483,2261,3222,639238078,303400305,335837773,21,"2019-05-01",2019,"岐阜","Gifu"
10787,4667,6120,1352247308,658761892,693485416,22,"2019-05-01",2019,"静岡","Shizuoka"
20321,8388,11933,2860953626,1346241524,1514712102,23,"2019-05-01",2019,"愛知","Aichi"
5764,2432,3332,694866874,340175172,354691702,24,"2019-05-01",2019,"三重","Mie"
4635,1849,2786,551156212,252656470,298499742,25,"2019-05-01",2019,"滋賀","Shiga"
8034,3183,4851,1002694994,452050159,550644835,26,"2019-05-01",2019,"京都","Kyoto"
26673,10741,15932,3376408938,1538372169,1838036769,27,"2019-05-01",2019,"大阪","Osaka"
17915,7105,10810,2198649449,1004970877,1193678572,28,"2019-05-01",2019,"兵庫","Hyogo"
3642,1527,2115,436903079,213725755,223177324,29,"2019-05-01",2019,"奈良","Nara"
2997,1147,1850,343479864,158702230,184777634,30,"2019-05-01",2019,"和歌山","Wakayama"
2182,835,1347,232630387,100838460,131791927,31,"2019-05-01",2019,"鳥取","Tottori"
2216,865,1351,233809805,100786263,133023542,32,"2019-05-01",2019,"島根","Shimane"
7096,2801,4295,814170138,364452012,449718126,33,"2019-05-01",2019,"岡山","Okayama"
10770,4051,6719,1243846266,541604497,702241769,34,"2019-05-01",2019,"広島","Hiroshima"
4021,1414,2607,466288678,192790623,273498055,35,"2019-05-01",2019,"山口","Yamaguchi"
2460,1008,1452,287207358,134888487,152318871,36,"2019-05-01",2019,"徳島","Tokushima"
3321,1313,2008,393562628,180086448,213476180,37,"2019-05-01",2019,"香川","Kagawa"
4548,1735,2813,506961629,226097579,280864050,38,"2019-05-01",2019,"愛媛","Ehime"
3065,1251,1814,364141784,171824827,192316957,39,"2019-05-01",2019,"高知","Kochi"
19881,7319,12562,2263487283,971309994,1292177289,40,"2019-05-01",2019,"福岡","Fukuoka"
3119,1054,2065,357193468,143329336,213864132,41,"2019-05-01",2019,"佐賀","Saga"
5190,1905,3285,542266601,235670991,306595610,42,"2019-05-01",2019,"長崎","Nagasaki"
6651,2652,3999,729853831,339459811,390394020,43,"2019-05-01",2019,"熊本","Kumamoto"
4610,1683,2927,500195304,216733082,283462222,44,"2019-05-01",2019,"大分","Oita"
4141,1534,2607,443113940,193693220,249420720,45,"2019-05-01",2019,"宮崎","Miyazaki"
6355,2442,3913,685621495,310244700,375376795,46,"2019-05-01",2019,"鹿児島","Kagoshima"
4862,2045,2817,536526316,254658079,281868237,47,"2019-05-01",2019,"沖縄","Okinawa"
386551,155687,230864,45155545055,20800225631,24355319424,99,"2019-06-01",2019,"全国","zenkoku"
19122,6559,12563,2079397287,834232389,1245164898,1,"2019-06-01",2019,"北海道","Hokkaido"
5136,1974,3162,517675195,235350687,282324508,2,"2019-06-01",2019,"青森","Aomori"
4249,1735,2514,437603041,202575840,235027201,3,"2019-06-01",2019,"岩手","Iwate"
7391,2942,4449,832485432,382161463,450323969,4,"2019-06-01",2019,"宮城","Miyagi"
3440,1384,2056,355738282,163694070,192044212,5,"2019-06-01",2019,"秋田","Akita"
3497,1341,2156,388237085,169856471,218380614,6,"2019-06-01",2019,"山形","Yamagata"
5845,2416,3429,656210422,310350460,345859962,7,"2019-06-01",2019,"福島","Fukushima"
7184,3089,4095,861583030,426070660,435512370,8,"2019-06-01",2019,"茨城","Ibaraki"
5458,2398,3060,645555535,323779079,321776456,9,"2019-06-01",2019,"栃木","Tochigi"
4770,2110,2660,549159045,277627232,271531813,10,"2019-06-01",2019,"群馬","Gunma"
19212,8603,10609,2377604283,1209909356,1167694927,11,"2019-06-01",2019,"埼玉","Saitama"
15134,6606,8528,1922178767,949101660,973077107,12,"2019-06-01",2019,"千葉","Chiba"
35202,14901,20301,4693074267,2190817638,2502256629,13,"2019-06-01",2019,"東京","Tokyo"
24451,11278,13173,3262902976,1698188814,1564714162,14,"2019-06-01",2019,"神奈川","Kanagawa"
7208,2841,4367,794761825,361448192,433313633,15,"2019-06-01",2019,"新潟","Niigata"
2725,1061,1664,307026192,134026987,172999205,16,"2019-06-01",2019,"富山","Toyama"
3608,1295,2313,412198946,169048915,243150031,17,"2019-06-01",2019,"石川","Ishikawa"
2238,803,1435,237515444,97244279,140271165,18,"2019-06-01",2019,"福井","Fukui"
2167,942,1225,254135205,126581828,127553377,19,"2019-06-01",2019,"山梨","Yamanashi"
6571,2626,3945,728626924,334755187,393871737,20,"2019-06-01",2019,"長野","Nagano"
5615,2250,3365,622055624,288192265,333863359,21,"2019-06-01",2019,"岐阜","Gifu"
10637,4577,6060,1230694178,599154149,631540029,22,"2019-06-01",2019,"静岡","Shizuoka"
20206,8304,11902,2443330642,1132076519,1311254123,23,"2019-06-01",2019,"愛知","Aichi"
5792,2484,3308,651775664,317874606,333901058,24,"2019-06-01",2019,"三重","Mie"
4612,1810,2802,518035583,234982129,283053454,25,"2019-06-01",2019,"滋賀","Shiga"
8184,3236,4948,962911382,431548406,531362976,26,"2019-06-01",2019,"京都","Kyoto"
26746,10509,16237,3211488412,1428174865,1783313547,27,"2019-06-01",2019,"大阪","Osaka"
18332,7214,11118,2150080777,967830067,1182250710,28,"2019-06-01",2019,"兵庫","Hyogo"
3738,1561,2177,433272395,206372578,226899817,29,"2019-06-01",2019,"奈良","Nara"
2963,1124,1839,314073634,139901425,174172209,30,"2019-06-01",2019,"和歌山","Wakayama"
2186,862,1324,228353303,97253880,131099423,31,"2019-06-01",2019,"鳥取","Tottori"
2226,855,1371,228963705,97369065,131594640,32,"2019-06-01",2019,"島根","Shimane"
7319,2789,4530,787420762,340172900,447247862,33,"2019-06-01",2019,"岡山","Okayama"
11169,4056,7113,1240625204,515705090,724920114,34,"2019-06-01",2019,"広島","Hiroshima"
4103,1443,2660,461349145,192116672,269232473,35,"2019-06-01",2019,"山口","Yamaguchi"
2465,1022,1443,274577884,128715133,145862751,36,"2019-06-01",2019,"徳島","Tokushima"
3157,1246,1911,346667789,158838280,187829509,37,"2019-06-01",2019,"香川","Kagawa"
4724,1766,2958,503662704,219343191,284319513,38,"2019-06-01",2019,"愛媛","Ehime"
2927,1202,1725,311227966,141592825,169635141,39,"2019-06-01",2019,"高知","Kochi"
20113,7364,12749,2294824912,978158801,1316666111,40,"2019-06-01",2019,"福岡","Fukuoka"
3050,1089,1961,324908566,137856087,187052479,41,"2019-06-01",2019,"佐賀","Saga"
5150,1840,3310,535771595,225588350,310183245,42,"2019-06-01",2019,"長崎","Nagasaki"
6660,2636,4024,699107709,317318937,381788772,43,"2019-06-01",2019,"熊本","Kumamoto"
4560,1661,2899,470799225,197707481,273091744,44,"2019-06-01",2019,"大分","Oita"
4034,1497,2537,412706548,177901627,234804921,45,"2019-06-01",2019,"宮崎","Miyazaki"
6296,2381,3915,639812611,284151315,355661296,46,"2019-06-01",2019,"鹿児島","Kagoshima"
4979,2005,2974,543377953,247507781,295870172,47,"2019-06-01",2019,"沖縄","Okinawa"
417954,167570,250384,54147421073,24806824821,29340596252,99,"2019-07-01",2019,"全国","zenkoku"
20481,6936,13545,2458371610,967937468,1490434142,1,"2019-07-01",2019,"北海道","Hokkaido"
5522,2144,3378,610145639,278240179,331905460,2,"2019-07-01",2019,"青森","Aomori"
4732,1909,2823,529291478,243209220,286082258,3,"2019-07-01",2019,"岩手","Iwate"
7985,3196,4789,1011495490,473932660,537562830,4,"2019-07-01",2019,"宮城","Miyagi"
3837,1555,2282,428175124,196857306,231317818,5,"2019-07-01",2019,"秋田","Akita"
3806,1555,2251,458300799,210451482,247849317,6,"2019-07-01",2019,"山形","Yamagata"
6383,2674,3709,808965328,387917846,421047482,7,"2019-07-01",2019,"福島","Fukushima"
7635,3259,4376,1027593808,502902885,524690923,8,"2019-07-01",2019,"茨城","Ibaraki"
5911,2571,3340,772642812,381513374,391129438,9,"2019-07-01",2019,"栃木","Tochigi"
5228,2281,2947,681098884,338087255,343011629,10,"2019-07-01",2019,"群馬","Gunma"
21086,9561,11525,2823241962,1441158868,1382083094,11,"2019-07-01",2019,"埼玉","Saitama"
16127,6969,9158,2326450860,1138231018,1188219842,12,"2019-07-01",2019,"千葉","Chiba"
39148,16554,22594,5915119306,2756377840,3158741466,13,"2019-07-01",2019,"東京","Tokyo"
25796,11717,14079,3808608203,1954404342,1854203861,14,"2019-07-01",2019,"神奈川","Kanagawa"
7717,3046,4671,929603537,417082703,512520834,15,"2019-07-01",2019,"新潟","Niigata"
2949,1146,1803,369890461,162391045,207499416,16,"2019-07-01",2019,"富山","Toyama"
3885,1403,2482,482270991,198158774,284112217,17,"2019-07-01",2019,"石川","Ishikawa"
2392,865,1527,283173165,117362299,165810866,18,"2019-07-01",2019,"福井","Fukui"
2351,1018,1333,296433549,146340419,150093130,19,"2019-07-01",2019,"山梨","Yamanashi"
7175,2894,4281,872204190,401576852,470627338,20,"2019-07-01",2019,"長野","Nagano"
6059,2381,3678,735656866,331456179,404200687,21,"2019-07-01",2019,"岐阜","Gifu"
11426,4843,6583,1466540308,708177835,758362473,22,"2019-07-01",2019,"静岡","Shizuoka"
21469,8812,12657,2907305785,1341764059,1565541726,23,"2019-07-01",2019,"愛知","Aichi"
6301,2624,3677,791859945,377772419,414087526,24,"2019-07-01",2019,"三重","Mie"
4961,1904,3057,614567039,270349444,344217595,25,"2019-07-01",2019,"滋賀","Shiga"
8870,3423,5447,1159949147,518145602,641803545,26,"2019-07-01",2019,"京都","Kyoto"
28804,11306,17498,3783962675,1688330078,2095632597,27,"2019-07-01",2019,"大阪","Osaka"
19731,7727,12004,2547682986,1129691218,1417991768,28,"2019-07-01",2019,"兵庫","Hyogo"
3989,1647,2342,517196483,245039417,272157066,29,"2019-07-01",2019,"奈良","Nara"
3234,1202,2032,380768731,164944705,215824026,30,"2019-07-01",2019,"和歌山","Wakayama"
2335,942,1393,266673923,119257468,147416455,31,"2019-07-01",2019,"鳥取","Tottori"
2527,945,1582,287929607,122472331,165457276,32,"2019-07-01",2019,"島根","Shimane"
7859,2993,4866,944361453,406273308,538088145,33,"2019-07-01",2019,"岡山","Okayama"
11810,4322,7488,1490266297,631119675,859146622,34,"2019-07-01",2019,"広島","Hiroshima"
4416,1563,2853,554612447,226794314,327818133,35,"2019-07-01",2019,"山口","Yamaguchi"
2729,1110,1619,336475493,156285373,180190120,36,"2019-07-01",2019,"徳島","Tokushima"
3485,1360,2125,401297887,181088580,220209307,37,"2019-07-01",2019,"香川","Kagawa"
5115,1899,3216,614904802,264933505,349971297,38,"2019-07-01",2019,"愛媛","Ehime"
3282,1304,1978,375261164,165834700,209426464,39,"2019-07-01",2019,"高知","Kochi"
21617,7871,13746,2763540542,1166285763,1597254779,40,"2019-07-01",2019,"福岡","Fukuoka"
3327,1194,2133,378412233,160045403,218366830,41,"2019-07-01",2019,"佐賀","Saga"
5588,1965,3623,606853693,247465413,359388280,42,"2019-07-01",2019,"長崎","Nagasaki"
7349,2887,4462,842153650,383931336,458222314,43,"2019-07-01",2019,"熊本","Kumamoto"
4890,1782,3108,567028474,242923569,324104905,44,"2019-07-01",2019,"大分","Oita"
4566,1655,2911,510626515,216004568,294621947,45,"2019-07-01",2019,"宮崎","Miyazaki"
6842,2560,4282,758545516,335558625,422986891,46,"2019-07-01",2019,"鹿児島","Kagoshima"
5227,2096,3131,649910216,290746099,359164117,47,"2019-07-01",2019,"沖縄","Okinawa"
416434,165118,251316,52193608058,23772044778,28421563280,99,"2019-08-01",2019,"全国","zenkoku"
20093,6727,13366,2335515835,917386932,1418128903,1,"2019-08-01",2019,"北海道","Hokkaido"
5477,2110,3367,616909105,276457825,340451280,2,"2019-08-01",2019,"青森","Aomori"
4535,1776,2759,518105877,230904530,287201347,3,"2019-08-01",2019,"岩手","Iwate"
7858,3116,4742,933306602,430925027,502381575,4,"2019-08-01",2019,"宮城","Miyagi"
3839,1475,2364,435050536,197410210,237640326,5,"2019-08-01",2019,"秋田","Akita"
3799,1503,2296,459823475,209495236,250328239,6,"2019-08-01",2019,"山形","Yamagata"
6058,2489,3569,729347886,349460366,379887520,7,"2019-08-01",2019,"福島","Fukushima"
7646,3212,4434,960598852,462293592,498305260,8,"2019-08-01",2019,"茨城","Ibaraki"
5825,2514,3311,742802814,365426260,377376554,9,"2019-08-01",2019,"栃木","Tochigi"
5277,2321,2956,646203595,324456474,321747121,10,"2019-08-01",2019,"群馬","Gunma"
21120,9451,11669,2791401224,1426483857,1364917367,11,"2019-08-01",2019,"埼玉","Saitama"
16260,6910,9350,2200643207,1061467927,1139175280,12,"2019-08-01",2019,"千葉","Chiba"
39832,16727,23105,5549640910,2596112271,2953528639,13,"2019-08-01",2019,"東京","Tokyo"
26543,11873,14670,3819239925,1946858463,1872381462,14,"2019-08-01",2019,"神奈川","Kanagawa"
7561,2971,4590,868577325,393853950,474723375,15,"2019-08-01",2019,"新潟","Niigata"
2960,1147,1813,364057957,158683778,205374179,16,"2019-08-01",2019,"富山","Toyama"
3797,1392,2405,461432519,190919502,270513017,17,"2019-08-01",2019,"石川","Ishikawa"
2398,851,1547,265362197,107655001,157707196,18,"2019-08-01",2019,"福井","Fukui"
2427,1074,1353,320140153,161704521,158435632,19,"2019-08-01",2019,"山梨","Yamanashi"
7088,2853,4235,853370905,391696005,461674900,20,"2019-08-01",2019,"長野","Nagano"
5954,2358,3596,692751818,313493837,379257981,21,"2019-08-01",2019,"岐阜","Gifu"
11367,4768,6599,1437474011,685722386,751751625,22,"2019-08-01",2019,"静岡","Shizuoka"
21523,8645,12878,2837842208,1285878246,1551963962,23,"2019-08-01",2019,"愛知","Aichi"
6212,2515,3697,745851085,347122453,398728632,24,"2019-08-01",2019,"三重","Mie"
4711,1789,2922,578286842,251991037,326295805,25,"2019-08-01",2019,"滋賀","Shiga"
8970,3390,5580,1103086045,479798300,623287745,26,"2019-08-01",2019,"京都","Kyoto"
29768,11256,18512,3853346066,1657379935,2195966131,27,"2019-08-01",2019,"大阪","Osaka"
19371,7571,11800,2436133479,1100849477,1335284002,28,"2019-08-01",2019,"兵庫","Hyogo"
4007,1640,2367,491776407,233494306,258282101,29,"2019-08-01",2019,"奈良","Nara"
3219,1168,2051,371354395,160333514,211020881,30,"2019-08-01",2019,"和歌山","Wakayama"
2188,848,1340,257409024,111146295,146262729,31,"2019-08-01",2019,"鳥取","Tottori"
2443,886,1557,273441362,111228013,162213349,32,"2019-08-01",2019,"島根","Shimane"
7384,2737,4647,857446131,353146600,504299531,33,"2019-08-01",2019,"岡山","Okayama"
11170,4192,6978,1349245782,571528644,777717138,34,"2019-08-01",2019,"広島","Hiroshima"
4356,1529,2827,524064181,219473990,304590191,35,"2019-08-01",2019,"山口","Yamaguchi"
2620,1107,1513,308737339,148067624,160669715,36,"2019-08-01",2019,"徳島","Tokushima"
3377,1277,2100,395600827,170162945,225437882,37,"2019-08-01",2019,"香川","Kagawa"
5114,1920,3194,600450398,263731398,336719000,38,"2019-08-01",2019,"愛媛","Ehime"
3233,1331,1902,374972046,175878476,199093570,39,"2019-08-01",2019,"高知","Kochi"
21524,7836,13688,2600796339,1107872207,1492924132,40,"2019-08-01",2019,"福岡","Fukuoka"
3308,1166,2142,386372961,160164797,226208164,41,"2019-08-01",2019,"佐賀","Saga"
5561,1915,3646,620243984,255975617,364268367,42,"2019-08-01",2019,"長崎","Nagasaki"
7154,2765,4389,834345539,372695063,461650476,43,"2019-08-01",2019,"熊本","Kumamoto"
4908,1795,3113,546567061,235043323,311523738,44,"2019-08-01",2019,"大分","Oita"
4635,1644,2991,510135255,215107895,295027360,45,"2019-08-01",2019,"宮崎","Miyazaki"
6832,2532,4300,752342335,327180745,425161590,46,"2019-08-01",2019,"鹿児島","Kagoshima"
5132,2046,3086,582004239,257925928,324078311,47,"2019-08-01",2019,"沖縄","Okinawa"
409469,163381,246088,49562515869,22565318104,26997197765,99,"2019-09-01",2019,"全国","zenkoku"
19498,6680,12818,2211942420,880293853,1331648567,1,"2019-09-01",2019,"北海道","Hokkaido"
5223,2025,3198,549327710,247346805,301980905,2,"2019-09-01",2019,"青森","Aomori"
4425,1796,2629,477929718,220270636,257659082,3,"2019-09-01",2019,"岩手","Iwate"
7789,3122,4667,924553505,428488971,496064534,4,"2019-09-01",2019,"宮城","Miyagi"
3789,1483,2306,413453630,184746503,228707127,5,"2019-09-01",2019,"秋田","Akita"
3665,1459,2206,395950761,182166776,213783985,6,"2019-09-01",2019,"山形","Yamagata"
5982,2458,3524,691348140,324534339,366813801,7,"2019-09-01",2019,"福島","Fukushima"
7498,3135,4363,907960243,438115202,469845041,8,"2019-09-01",2019,"茨城","Ibaraki"
5774,2499,3275,701357568,343975320,357382248,9,"2019-09-01",2019,"栃木","Tochigi"
5292,2335,2957,630134452,315483593,314650859,10,"2019-09-01",2019,"群馬","Gunma"
20753,9264,11489,2625742049,1324728375,1301013674,11,"2019-09-01",2019,"埼玉","Saitama"
16195,6978,9217,2154753099,1050209150,1104543949,12,"2019-09-01",2019,"千葉","Chiba"
39354,16482,22872,5552017817,2580124313,2971893504,13,"2019-09-01",2019,"東京","Tokyo"
26115,11764,14351,3612861584,1840674616,1772186968,14,"2019-09-01",2019,"神奈川","Kanagawa"
7350,2908,4442,869094092,389398010,479696082,15,"2019-09-01",2019,"新潟","Niigata"
2992,1161,1831,342936652,150026446,192910206,16,"2019-09-01",2019,"富山","Toyama"
3727,1389,2338,425565496,180214002,245351494,17,"2019-09-01",2019,"石川","Ishikawa"
2365,816,1549,265575780,104521616,161054164,18,"2019-09-01",2019,"福井","Fukui"
2364,1031,1333,285698412,142969976,142728436,19,"2019-09-01",2019,"山梨","Yamanashi"
7006,2859,4147,794055000,365223904,428831096,20,"2019-09-01",2019,"長野","Nagano"
5778,2306,3472,646471435,293130891,353340544,21,"2019-09-01",2019,"岐阜","Gifu"
11530,4874,6656,1377118391,656973363,720145028,22,"2019-09-01",2019,"静岡","Shizuoka"
21547,8698,12849,2633089254,1191319652,1441769602,23,"2019-09-01",2019,"愛知","Aichi"
6030,2433,3597,700478603,317673296,382805307,24,"2019-09-01",2019,"三重","Mie"
4551,1755,2796,520045940,228778548,291267392,25,"2019-09-01",2019,"滋賀","Shiga"
9062,3478,5584,1107156841,475129096,632027745,26,"2019-09-01",2019,"京都","Kyoto"
29445,11227,18218,3634502814,1565561068,2068941746,27,"2019-09-01",2019,"大阪","Osaka"
19098,7476,11622,2278782243,1026151657,1252630586,28,"2019-09-01",2019,"兵庫","Hyogo"
3942,1628,2314,475348302,224240379,251107923,29,"2019-09-01",2019,"奈良","Nara"
3157,1163,1994,346346655,149652654,196694001,30,"2019-09-01",2019,"和歌山","Wakayama"
2167,865,1302,231688823,103329202,128359621,31,"2019-09-01",2019,"鳥取","Tottori"
2353,859,1494,252556200,104553712,148002488,32,"2019-09-01",2019,"島根","Shimane"
7131,2666,4465,777805167,327987925,449817242,33,"2019-09-01",2019,"岡山","Okayama"
10673,4003,6670,1190984568,512259372,678725196,34,"2019-09-01",2019,"広島","Hiroshima"
4373,1562,2811,518611938,220921412,297690526,35,"2019-09-01",2019,"山口","Yamaguchi"
2478,1063,1415,285705551,135251378,150454173,36,"2019-09-01",2019,"徳島","Tokushima"
3319,1239,2080,375132042,164447693,210684349,37,"2019-09-01",2019,"香川","Kagawa"
4858,1874,2984,543186134,243662856,299523278,38,"2019-09-01",2019,"愛媛","Ehime"
3127,1247,1880,352875095,159342885,193532210,39,"2019-09-01",2019,"高知","Kochi"
21178,7758,13420,2525421660,1070801413,1454620247,40,"2019-09-01",2019,"福岡","Fukuoka"
3195,1119,2076,349560603,140192206,209368397,41,"2019-09-01",2019,"佐賀","Saga"
5403,1898,3505,568549141,232895185,335653956,42,"2019-09-01",2019,"長崎","Nagasaki"
7000,2745,4255,763553815,341933132,421620683,43,"2019-09-01",2019,"熊本","Kumamoto"
4759,1744,3015,503863470,215847890,288015580,44,"2019-09-01",2019,"大分","Oita"
4596,1654,2942,491723901,204222536,287501365,45,"2019-09-01",2019,"宮崎","Miyazaki"
6708,2507,4201,729730238,318661798,411068440,46,"2019-09-01",2019,"鹿児島","Kagoshima"
4855,1896,2959,549968917,246884499,303084418,47,"2019-09-01",2019,"沖縄","Okinawa"
405337,162276,243061,54454607463,24754095138,29700512325,99,"2019-10-01",2019,"全国","zenkoku"
18943,6546,12397,2360889215,944094141,1416795074,1,"2019-10-01",2019,"北海道","Hokkaido"
5172,2021,3151,630096624,286219015,343877609,2,"2019-10-01",2019,"青森","Aomori"
4303,1710,2593,511217790,233661423,277556367,3,"2019-10-01",2019,"岩手","Iwate"
7712,3066,4646,1010657078,461326629,549330449,4,"2019-10-01",2019,"宮城","Miyagi"
3644,1398,2246,428345965,189509568,238836397,5,"2019-10-01",2019,"秋田","Akita"
3591,1430,2161,460511696,212194940,248316756,6,"2019-10-01",2019,"山形","Yamagata"
5768,2392,3376,765829208,361367152,404462056,7,"2019-10-01",2019,"福島","Fukushima"
7555,3198,4357,1048037536,509542216,538495320,8,"2019-10-01",2019,"茨城","Ibaraki"
5729,2457,3272,776923701,376692789,400230912,9,"2019-10-01",2019,"栃木","Tochigi"
5309,2308,3001,714842573,357788905,357053668,10,"2019-10-01",2019,"群馬","Gunma"
20887,9295,11592,3026147126,1507898013,1518249113,11,"2019-10-01",2019,"埼玉","Saitama"
16645,7235,9410,2427809253,1184519704,1243289549,12,"2019-10-01",2019,"千葉","Chiba"
38995,16351,22644,5960696367,2735278374,3225417993,13,"2019-10-01",2019,"東京","Tokyo"
25980,11648,14332,3902064349,1968348217,1933716132,14,"2019-10-01",2019,"神奈川","Kanagawa"
7014,2775,4239,865218654,390068684,475149970,15,"2019-10-01",2019,"新潟","Niigata"
3043,1209,1834,397087996,178013645,219074351,16,"2019-10-01",2019,"富山","Toyama"
3656,1369,2287,462768803,197417580,265351223,17,"2019-10-01",2019,"石川","Ishikawa"
2398,868,1530,303933633,125861351,178072282,18,"2019-10-01",2019,"福井","Fukui"
2416,1069,1347,325438241,164201458,161236783,19,"2019-10-01",2019,"山梨","Yamanashi"
6946,2804,4142,858418023,392047657,466370366,20,"2019-10-01",2019,"長野","Nagano"
5911,2322,3589,757361982,333106278,424255704,21,"2019-10-01",2019,"岐阜","Gifu"
11554,4837,6717,1532880455,721840495,811039960,22,"2019-10-01",2019,"静岡","Shizuoka"
21393,8706,12687,3045389708,1378171128,1667218580,23,"2019-10-01",2019,"愛知","Aichi"
6004,2409,3595,772828866,350204642,422624224,24,"2019-10-01",2019,"三重","Mie"
4575,1812,2763,593288020,264235248,329052772,25,"2019-10-01",2019,"滋賀","Shiga"
8794,3404,5390,1177480218,518762727,658717491,26,"2019-10-01",2019,"京都","Kyoto"
29073,11067,18006,3926938122,1672433308,2254504814,27,"2019-10-01",2019,"大阪","Osaka"
19030,7517,11513,2561680764,1165032171,1396648593,28,"2019-10-01",2019,"兵庫","Hyogo"
3962,1658,2304,514555788,244680920,269874868,29,"2019-10-01",2019,"奈良","Nara"
3176,1163,2013,392989109,166584965,226404144,30,"2019-10-01",2019,"和歌山","Wakayama"
2155,868,1287,248025273,111899796,136125477,31,"2019-10-01",2019,"鳥取","Tottori"
2301,890,1411,275432250,121112035,154320215,32,"2019-10-01",2019,"島根","Shimane"
6918,2633,4285,838558828,356735873,481822955,33,"2019-10-01",2019,"岡山","Okayama"
10396,3958,6438,1342083307,587265803,754817504,34,"2019-10-01",2019,"広島","Hiroshima"
4310,1531,2779,559280192,229815788,329464404,35,"2019-10-01",2019,"山口","Yamaguchi"
2375,1018,1357,309541055,149474376,160066679,36,"2019-10-01",2019,"徳島","Tokushima"
3280,1244,2036,400328482,172126592,228201890,37,"2019-10-01",2019,"香川","Kagawa"
4718,1857,2861,588907926,268998550,319909376,38,"2019-10-01",2019,"愛媛","Ehime"
2997,1209,1788,358397624,166985563,191412061,39,"2019-10-01",2019,"高知","Kochi"
20611,7587,13024,2694198814,1143187450,1551011364,40,"2019-10-01",2019,"福岡","Fukuoka"
3230,1131,2099,389166450,158038735,231127715,41,"2019-10-01",2019,"佐賀","Saga"
5490,1961,3529,638426691,264219424,374207267,42,"2019-10-01",2019,"長崎","Nagasaki"
7048,2787,4261,866584316,387944279,478640037,43,"2019-10-01",2019,"熊本","Kumamoto"
4650,1711,2939,549677186,235000037,314677149,44,"2019-10-01",2019,"大分","Oita"
4458,1575,2883,529950925,217920489,312030436,45,"2019-10-01",2019,"宮崎","Miyazaki"
6499,2403,4096,767677273,331734997,435942276,46,"2019-10-01",2019,"鹿児島","Kagoshima"
4723,1869,2854,586044008,260532008,325512000,47,"2019-10-01",2019,"沖縄","Okinawa"
385714,156924,228790,47028108850,21763908398,25264200452,99,"2019-11-01",2019,"全国","zenkoku"
17603,6113,11490,1971123651,801695542,1169428109,1,"2019-11-01",2019,"北海道","Hokkaido"
4795,1843,2952,504099285,225317606,278781679,2,"2019-11-01",2019,"青森","Aomori"
4115,1658,2457,458759491,210542378,248217113,3,"2019-11-01",2019,"岩手","Iwate"
7986,3288,4698,967243287,452851384,514391903,4,"2019-11-01",2019,"宮城","Miyagi"
3294,1277,2017,355432009,158221589,197210420,5,"2019-11-01",2019,"秋田","Akita"
3297,1334,1963,373121865,170681244,202440621,6,"2019-11-01",2019,"山形","Yamagata"
6039,2557,3482,724536117,349751796,374784321,7,"2019-11-01",2019,"福島","Fukushima"
7603,3240,4363,952759085,462427136,490331949,8,"2019-11-01",2019,"茨城","Ibaraki"
5901,2553,3348,745815878,364523273,381292605,9,"2019-11-01",2019,"栃木","Tochigi"
5757,2513,3244,710565438,350888938,359676500,10,"2019-11-01",2019,"群馬","Gunma"
21075,9451,11624,2757100420,1393936380,1363164040,11,"2019-11-01",2019,"埼玉","Saitama"
16103,7206,8897,2115198750,1062474955,1052723795,12,"2019-11-01",2019,"千葉","Chiba"
37931,16058,21873,5251124263,2425633241,2825491022,13,"2019-11-01",2019,"東京","Tokyo"
25023,11364,13659,3535608514,1805744687,1729863827,14,"2019-11-01",2019,"神奈川","Kanagawa"
6518,2580,3938,734954561,332762344,402192217,15,"2019-11-01",2019,"新潟","Niigata"
2775,1120,1655,331025681,151113535,179912146,16,"2019-11-01",2019,"富山","Toyama"
3586,1477,2109,424639304,200779902,223859402,17,"2019-11-01",2019,"石川","Ishikawa"
2218,834,1384,249337403,105936747,143400656,18,"2019-11-01",2019,"福井","Fukui"
2491,1088,1403,319786831,162655111,157131720,19,"2019-11-01",2019,"山梨","Yamanashi"
7213,2984,4229,870342601,404045059,466297542,20,"2019-11-01",2019,"長野","Nagano"
5584,2261,3323,630750893,289741386,341009507,21,"2019-11-01",2019,"岐阜","Gifu"
10897,4605,6292,1325510795,627834185,697676610,22,"2019-11-01",2019,"静岡","Shizuoka"
20052,8238,11814,2535375656,1170164500,1365211156,23,"2019-11-01",2019,"愛知","Aichi"
5792,2352,3440,658789772,302788992,356000780,24,"2019-11-01",2019,"三重","Mie"
4214,1711,2503,488610757,226458307,262152450,25,"2019-11-01",2019,"滋賀","Shiga"
8075,3135,4940,963885185,423886958,539998227,26,"2019-11-01",2019,"京都","Kyoto"
27491,10574,16917,3428583232,1499187570,1929395662,27,"2019-11-01",2019,"大阪","Osaka"
17325,7004,10321,2068075952,957782942,1110293010,28,"2019-11-01",2019,"兵庫","Hyogo"
3701,1561,2140,451227477,220409450,230818027,29,"2019-11-01",2019,"奈良","Nara"
2965,1104,1861,324375059,140377290,183997769,30,"2019-11-01",2019,"和歌山","Wakayama"
1997,825,1172,224909841,104198879,120710962,31,"2019-11-01",2019,"鳥取","Tottori"
2072,832,1240,222873334,100193387,122679947,32,"2019-11-01",2019,"島根","Shimane"
6381,2483,3898,684186729,297203730,386982999,33,"2019-11-01",2019,"岡山","Okayama"
9551,3678,5873,1067690942,472195093,595495849,34,"2019-11-01",2019,"広島","Hiroshima"
3886,1430,2456,446487513,189200231,257287282,35,"2019-11-01",2019,"山口","Yamaguchi"
2223,954,1269,252249836,120021154,132228682,36,"2019-11-01",2019,"徳島","Tokushima"
2980,1144,1836,342110253,149896124,192214129,37,"2019-11-01",2019,"香川","Kagawa"
4503,1762,2741,484243861,226401583,257842278,38,"2019-11-01",2019,"愛媛","Ehime"
2725,1089,1636,300278008,133857023,166420985,39,"2019-11-01",2019,"高知","Kochi"
19170,7152,12018,2197532143,949968286,1247563857,40,"2019-11-01",2019,"福岡","Fukuoka"
2890,1069,1821,323423576,137612851,185810725,41,"2019-11-01",2019,"佐賀","Saga"
5053,1846,3207,545252858,229948773,315304085,42,"2019-11-01",2019,"長崎","Nagasaki"
6365,2569,3796,712312444,331524242,380788202,43,"2019-11-01",2019,"熊本","Kumamoto"
4290,1610,2680,470671124,206149705,264521419,44,"2019-11-01",2019,"大分","Oita"
4098,1500,2598,434550993,186135737,248415256,45,"2019-11-01",2019,"宮崎","Miyazaki"
5811,2173,3638,616619331,265127905,351491426,46,"2019-11-01",2019,"鹿児島","Kagoshima"
4300,1725,2575,474956852,213659268,261297584,47,"2019-11-01",2019,"沖縄","Okinawa"
386234,159360,226874,44670296105,21015417268,23654878837,99,"2019-12-01",2019,"全国","zenkoku"
17360,6066,11294,1796045524,735095669,1060949855,1,"2019-12-01",2019,"北海道","Hokkaido"
4629,1777,2852,451858434,203112202,248746232,2,"2019-12-01",2019,"青森","Aomori"
4097,1661,2436,423993242,199478941,224514301,3,"2019-12-01",2019,"岩手","Iwate"
8326,3512,4814,966138234,462031352,504106882,4,"2019-12-01",2019,"宮城","Miyagi"
3209,1260,1949,334663012,152723174,181939838,5,"2019-12-01",2019,"秋田","Akita"
3227,1319,1908,338436378,158188301,180248077,6,"2019-12-01",2019,"山形","Yamagata"
6343,2753,3590,714714346,358252178,356462168,7,"2019-12-01",2019,"福島","Fukushima"
7738,3336,4402,894133286,435566815,458566471,8,"2019-12-01",2019,"茨城","Ibaraki"
5970,2586,3384,677807162,331383261,346423901,9,"2019-12-01",2019,"栃木","Tochigi"
6079,2825,3254,706263108,361370374,344892734,10,"2019-12-01",2019,"群馬","Gunma"
21639,9901,11738,2620077162,1335027198,1285049964,11,"2019-12-01",2019,"埼玉","Saitama"
16449,7442,9007,2161660864,1110919996,1050740868,12,"2019-12-01",2019,"千葉","Chiba"
38768,16565,22203,5059324061,2374570101,2684753960,13,"2019-12-01",2019,"東京","Tokyo"
25577,11713,13864,3333096685,1718600104,1614496581,14,"2019-12-01",2019,"神奈川","Kanagawa"
6382,2519,3863,667536153,300042960,367493193,15,"2019-12-01",2019,"新潟","Niigata"
2656,1097,1559,288457853,135423675,153034178,16,"2019-12-01",2019,"富山","Toyama"
3535,1529,2006,405881369,205049321,200832048,17,"2019-12-01",2019,"石川","Ishikawa"
2203,816,1387,254021647,108216915,145804732,18,"2019-12-01",2019,"福井","Fukui"
2493,1094,1399,285919623,141489911,144429712,19,"2019-12-01",2019,"山梨","Yamanashi"
7212,3027,4185,790408370,376838189,413570181,20,"2019-12-01",2019,"長野","Nagano"
5567,2288,3279,605750707,284770812,320979895,21,"2019-12-01",2019,"岐阜","Gifu"
10675,4548,6127,1196561574,573528030,623033544,22,"2019-12-01",2019,"静岡","Shizuoka"
19867,8304,11563,2279456651,1064844698,1214611953,23,"2019-12-01",2019,"愛知","Aichi"
5606,2314,3292,636192658,297311980,338880678,24,"2019-12-01",2019,"三重","Mie"
4280,1781,2499,474448031,227257834,247190197,25,"2019-12-01",2019,"滋賀","Shiga"
8057,3180,4877,946114103,424960368,521153735,26,"2019-12-01",2019,"京都","Kyoto"
27220,10676,16544,3170583720,1411729143,1758854577,27,"2019-12-01",2019,"大阪","Osaka"
17054,6902,10152,1910909608,887563770,1023345838,28,"2019-12-01",2019,"兵庫","Hyogo"
3671,1593,2078,423708611,212270034,211438577,29,"2019-12-01",2019,"奈良","Nara"
2971,1161,1810,314659658,144298137,170361521,30,"2019-12-01",2019,"和歌山","Wakayama"
1932,799,1133,206000529,97350015,108650514,31,"2019-12-01",2019,"鳥取","Tottori"
2009,773,1236,208077374,89563732,118513642,32,"2019-12-01",2019,"島根","Shimane"
6375,2502,3873,702811914,312916123,389895791,33,"2019-12-01",2019,"岡山","Okayama"
9551,3670,5881,1031059914,461082130,569977784,34,"2019-12-01",2019,"広島","Hiroshima"
3953,1485,2468,444696886,198559310,246137576,35,"2019-12-01",2019,"山口","Yamaguchi"
2169,931,1238,243071803,115255056,127816747,36,"2019-12-01",2019,"徳島","Tokushima"
2886,1138,1748,314107086,145442107,168664979,37,"2019-12-01",2019,"香川","Kagawa"
4291,1670,2621,469390563,216457771,252932792,38,"2019-12-01",2019,"愛媛","Ehime"
2737,1114,1623,298032213,135461441,162570772,39,"2019-12-01",2019,"高知","Kochi"
19283,7310,11973,2224007309,987402729,1236604580,40,"2019-12-01",2019,"福岡","Fukuoka"
2769,1024,1745,289297142,123806805,165490337,41,"2019-12-01",2019,"佐賀","Saga"
4856,1778,3078,496594339,213376880,283217459,42,"2019-12-01",2019,"長崎","Nagasaki"
6222,2535,3687,648474594,302347755,346126839,43,"2019-12-01",2019,"熊本","Kumamoto"
4167,1590,2577,438496041,197993027,240503014,44,"2019-12-01",2019,"大分","Oita"
3935,1498,2437,410383676,182092091,228291585,45,"2019-12-01",2019,"宮崎","Miyazaki"
5846,2209,3637,601703517,266402050,335301467,46,"2019-12-01",2019,"鹿児島","Kagoshima"
4393,1789,2604,515269371,237992803,277276568,47,"2019-12-01",2019,"沖縄","Okinawa"
383602,160622,222980,53943170976,25809597062,28133573914,99,"2020-01-01",2020,"全国","zenkoku"
17544,6372,11172,2282722870,966839404,1315883466,1,"2020-01-01",2020,"北海道","Hokkaido"
4742,1918,2824,591000059,276468685,314531374,2,"2020-01-01",2020,"青森","Aomori"
4167,1707,2460,508500521,242792475,265708046,3,"2020-01-01",2020,"岩手","Iwate"
8203,3494,4709,1123257597,548766793,574490804,4,"2020-01-01",2020,"宮城","Miyagi"
3132,1266,1866,362722131,167434228,195287903,5,"2020-01-01",2020,"秋田","Akita"
3366,1409,1957,440570488,208978920,231591568,6,"2020-01-01",2020,"山形","Yamagata"
6334,2820,3514,857290654,431432343,425858311,7,"2020-01-01",2020,"福島","Fukushima"
7992,3523,4469,1157435803,576920879,580514924,8,"2020-01-01",2020,"茨城","Ibaraki"
5803,2558,3245,837330429,415770278,421560151,9,"2020-01-01",2020,"栃木","Tochigi"
6244,2973,3271,904224593,489756037,414468556,10,"2020-01-01",2020,"群馬","Gunma"
22469,10429,12040,3434393682,1791043311,1643350371,11,"2020-01-01",2020,"埼玉","Saitama"
16248,7418,8830,2402363171,1248485336,1153877835,12,"2020-01-01",2020,"千葉","Chiba"
38783,16838,21945,6327620061,3018564149,3309055912,13,"2020-01-01",2020,"東京","Tokyo"
25130,11623,13507,4103312474,2147662801,1955649673,14,"2020-01-01",2020,"神奈川","Kanagawa"
6317,2487,3830,837750369,381335049,456415320,15,"2020-01-01",2020,"新潟","Niigata"
2561,1085,1476,343978120,164588936,179389184,16,"2020-01-01",2020,"富山","Toyama"
3506,1520,1986,496882295,253166883,243715412,17,"2020-01-01",2020,"石川","Ishikawa"
2157,801,1356,247512215,106230889,141281326,18,"2020-01-01",2020,"福井","Fukui"
2396,1031,1365,333380136,163843758,169536378,19,"2020-01-01",2020,"山梨","Yamanashi"
7387,3173,4214,987403953,478885364,508518589,20,"2020-01-01",2020,"長野","Nagano"
5555,2319,3236,741907395,352452612,389454783,21,"2020-01-01",2020,"岐阜","Gifu"
10717,4652,6065,1506340927,740612545,765728382,22,"2020-01-01",2020,"静岡","Shizuoka"
20063,8447,11616,2977322260,1421220601,1556101659,23,"2020-01-01",2020,"愛知","Aichi"
5665,2399,3266,751290834,359040168,392250666,24,"2020-01-01",2020,"三重","Mie"
4317,1824,2493,572758248,279466418,293291830,25,"2020-01-01",2020,"滋賀","Shiga"
7765,3106,4659,1064639904,486749795,577890109,26,"2020-01-01",2020,"京都","Kyoto"
26595,10600,15995,3775137708,1701941636,2073196072,27,"2020-01-01",2020,"大阪","Osaka"
16959,6905,10054,2372913523,1113376381,1259537142,28,"2020-01-01",2020,"兵庫","Hyogo"
3565,1592,1973,481295024,243331749,237963275,29,"2020-01-01",2020,"奈良","Nara"
2986,1202,1784,368448398,171930473,196517925,30,"2020-01-01",2020,"和歌山","Wakayama"
1904,803,1101,231383860,108598466,122785394,31,"2020-01-01",2020,"鳥取","Tottori"
2062,819,1243,251160037,112649736,138510301,32,"2020-01-01",2020,"島根","Shimane"
6048,2399,3649,757044689,338900095,418144594,33,"2020-01-01",2020,"岡山","Okayama"
9152,3530,5622,1235846940,551081137,684765803,34,"2020-01-01",2020,"広島","Hiroshima"
3785,1441,2344,507002019,229708576,277293443,35,"2020-01-01",2020,"山口","Yamaguchi"
2114,910,1204,289127860,143139177,145988683,36,"2020-01-01",2020,"徳島","Tokushima"
2922,1160,1762,362601119,167147457,195453662,37,"2020-01-01",2020,"香川","Kagawa"
4190,1591,2599,532208281,238605610,293602671,38,"2020-01-01",2020,"愛媛","Ehime"
2641,1087,1554,335459732,157812108,177647624,39,"2020-01-01",2020,"高知","Kochi"
18256,7006,11250,2351243218,1053750866,1297492352,40,"2020-01-01",2020,"福岡","Fukuoka"
2721,989,1732,346292803,148515751,197777052,41,"2020-01-01",2020,"佐賀","Saga"
4983,1824,3159,611234616,263189257,348045359,42,"2020-01-01",2020,"長崎","Nagasaki"
6288,2539,3749,788174072,364426918,423747154,43,"2020-01-01",2020,"熊本","Kumamoto"
4136,1593,2543,513691741,231585295,282106446,44,"2020-01-01",2020,"大分","Oita"
3922,1507,2415,471790199,212246391,259543808,45,"2020-01-01",2020,"宮崎","Miyazaki"
5703,2202,3501,665972520,301493359,364479161,46,"2020-01-01",2020,"鹿児島","Kagoshima"
4107,1731,2376,501231428,237657967,263573461,47,"2020-01-01",2020,"沖縄","Okinawa"
358131,152198,205933,42157272755,20427113025,21730159730,99,"2020-02-01",2020,"全国","zenkoku"
16784,6344,10440,1842304986,817776771,1024528215,1,"2020-02-01",2020,"北海道","Hokkaido"
4480,1863,2617,474429021,228289784,246139237,2,"2020-02-01",2020,"青森","Aomori"
3839,1594,2245,399117460,188944218,210173242,3,"2020-02-01",2020,"岩手","Iwate"
7198,3065,4133,814166545,403246561,410919984,4,"2020-02-01",2020,"宮城","Miyagi"
2936,1225,1711,309000502,147964377,161036125,5,"2020-02-01",2020,"秋田","Akita"
3333,1418,1915,361959637,176024022,185935615,6,"2020-02-01",2020,"山形","Yamagata"
5953,2647,3306,675833210,341388936,334444274,7,"2020-02-01",2020,"福島","Fukushima"
7259,3294,3965,862328583,445370662,416957921,8,"2020-02-01",2020,"茨城","Ibaraki"
5427,2429,2998,635179068,323320619,311858449,9,"2020-02-01",2020,"栃木","Tochigi"
5601,2758,2843,674977373,377732760,297244613,10,"2020-02-01",2020,"群馬","Gunma"
20316,9543,10773,2504584074,1326191269,1178392805,11,"2020-02-01",2020,"埼玉","Saitama"
15342,7060,8282,1964282245,1023004962,941277283,12,"2020-02-01",2020,"千葉","Chiba"
36101,15884,20217,4831849924,2327783157,2504066767,13,"2020-02-01",2020,"東京","Tokyo"
23562,11030,12532,3092763090,1624417093,1468345997,14,"2020-02-01",2020,"神奈川","Kanagawa"
6051,2453,3598,665267253,309550790,355716463,15,"2020-02-01",2020,"新潟","Niigata"
2500,1071,1429,288027441,140772962,147254479,16,"2020-02-01",2020,"富山","Toyama"
3322,1422,1900,384051823,186580365,197471458,17,"2020-02-01",2020,"石川","Ishikawa"
2031,771,1260,221993639,96396983,125596656,18,"2020-02-01",2020,"福井","Fukui"
2224,978,1246,256898883,127944521,128954362,19,"2020-02-01",2020,"山梨","Yamanashi"
6765,2929,3836,756281599,374535121,381746478,20,"2020-02-01",2020,"長野","Nagano"
5029,2116,2913,566174240,273428519,292745721,21,"2020-02-01",2020,"岐阜","Gifu"
10142,4466,5676,1172801171,578707172,594093999,22,"2020-02-01",2020,"静岡","Shizuoka"
19373,8265,11108,2339443026,1124469539,1214973487,23,"2020-02-01",2020,"愛知","Aichi"
5449,2386,3063,608897097,300739017,308158080,24,"2020-02-01",2020,"三重","Mie"
4205,1804,2401,473659620,235003196,238656424,25,"2020-02-01",2020,"滋賀","Shiga"
7194,2878,4316,846161834,389576793,456585041,26,"2020-02-01",2020,"京都","Kyoto"
25518,10351,15167,3053703005,1401708189,1651994816,27,"2020-02-01",2020,"大阪","Osaka"
15602,6484,9118,1803287188,858225958,945061230,28,"2020-02-01",2020,"兵庫","Hyogo"
3403,1533,1870,392694924,205422341,187272583,29,"2020-02-01",2020,"奈良","Nara"
2779,1165,1614,297508589,145934938,151573651,30,"2020-02-01",2020,"和歌山","Wakayama"
1656,727,929,181227889,88800623,92427266,31,"2020-02-01",2020,"鳥取","Tottori"
1961,810,1151,212422426,100645412,111777014,32,"2020-02-01",2020,"島根","Shimane"
5090,2083,3007,572136309,266385007,305751302,33,"2020-02-01",2020,"岡山","Okayama"
7876,3081,4795,894352740,407435326,486917414,34,"2020-02-01",2020,"広島","Hiroshima"
3686,1422,2264,404151726,181139774,223011952,35,"2020-02-01",2020,"山口","Yamaguchi"
2000,862,1138,229492721,111552919,117939802,36,"2020-02-01",2020,"徳島","Tokushima"
2737,1073,1664,297147876,134692061,162455815,37,"2020-02-01",2020,"香川","Kagawa"
3821,1447,2374,418951924,188923770,230028154,38,"2020-02-01",2020,"愛媛","Ehime"
2438,1004,1434,262071818,123254107,138817711,39,"2020-02-01",2020,"高知","Kochi"
17233,6690,10543,1947488882,875865171,1071623711,40,"2020-02-01",2020,"福岡","Fukuoka"
2480,923,1557,266061838,115876160,150185678,41,"2020-02-01",2020,"佐賀","Saga"
4648,1737,2911,485590779,213219269,272371510,42,"2020-02-01",2020,"長崎","Nagasaki"
5752,2361,3391,611991465,291147013,320844452,43,"2020-02-01",2020,"熊本","Kumamoto"
3931,1519,2412,418818115,187942295,230875820,44,"2020-02-01",2020,"大分","Oita"
3670,1450,2220,390684333,178737638,211946695,45,"2020-02-01",2020,"宮崎","Miyazaki"
5396,2078,3318,548453123,248384972,300068151,46,"2020-02-01",2020,"鹿児島","Kagoshima"
4038,1705,2333,446601741,212659913,233941828,47,"2020-02-01",2020,"沖縄","Okinawa"
361910,156279,205631,46382547280,22769470001,23613077279,99,"2020-03-01",2020,"全国","zenkoku"
17294,6857,10437,2079774177,948410078,1131364099,1,"2020-03-01",2020,"北海道","Hokkaido"
4608,1995,2613,507535617,255198594,252337023,2,"2020-03-01",2020,"青森","Aomori"
3819,1614,2205,426409209,205717110,220692099,3,"2020-03-01",2020,"岩手","Iwate"
7269,3181,4088,904047526,459975595,444071931,4,"2020-03-01",2020,"宮城","Miyagi"
2969,1271,1698,343508901,169782705,173726196,5,"2020-03-01",2020,"秋田","Akita"
3500,1504,1996,423569860,203837614,219732246,6,"2020-03-01",2020,"山形","Yamagata"
6306,2842,3464,793737108,405646523,388090585,7,"2020-03-01",2020,"福島","Fukushima"
7477,3428,4049,965083924,502956004,462127920,8,"2020-03-01",2020,"茨城","Ibaraki"
5632,2578,3054,692138061,363470893,328667168,9,"2020-03-01",2020,"栃木","Tochigi"
5686,2843,2843,725677877,406140971,319536906,10,"2020-03-01",2020,"群馬","Gunma"
20637,9894,10743,2713411226,1467339958,1246071268,11,"2020-03-01",2020,"埼玉","Saitama"
15990,7417,8573,2241703873,1181695449,1060008424,12,"2020-03-01",2020,"千葉","Chiba"
36344,16225,20119,5280931989,2591645148,2689286841,13,"2020-03-01",2020,"東京","Tokyo"
23850,11250,12600,3421113539,1818612400,1602501139,14,"2020-03-01",2020,"神奈川","Kanagawa"
6050,2491,3559,729424435,341863719,387560716,15,"2020-03-01",2020,"新潟","Niigata"
2588,1092,1496,320879454,154228957,166650497,16,"2020-03-01",2020,"富山","Toyama"
3251,1394,1857,406275261,197928268,208346993,17,"2020-03-01",2020,"石川","Ishikawa"
2015,791,1224,235889464,108551847,127337617,18,"2020-03-01",2020,"福井","Fukui"
2269,1002,1267,274020815,137130087,136890728,19,"2020-03-01",2020,"山梨","Yamanashi"
6860,2954,3906,812622999,397189177,415433822,20,"2020-03-01",2020,"長野","Nagano"
4849,2084,2765,593387684,288370660,305017024,21,"2020-03-01",2020,"岐阜","Gifu"
10194,4553,5641,1295565642,646690330,648875312,22,"2020-03-01",2020,"静岡","Shizuoka"
19798,8519,11279,2566621326,1237335501,1329285825,23,"2020-03-01",2020,"愛知","Aichi"
5685,2497,3188,682477892,340002298,342475594,24,"2020-03-01",2020,"三重","Mie"
4175,1811,2364,520240353,255643799,264596554,25,"2020-03-01",2020,"滋賀","Shiga"
7248,2907,4341,937763680,433560069,504203611,26,"2020-03-01",2020,"京都","Kyoto"
25994,10833,15161,3356446734,1584632974,1771813760,27,"2020-03-01",2020,"大阪","Osaka"
15686,6569,9117,2034528060,968445518,1066082542,28,"2020-03-01",2020,"兵庫","Hyogo"
3407,1523,1884,441407492,229040000,212367492,29,"2020-03-01",2020,"奈良","Nara"
2775,1179,1596,322172573,159698722,162473851,30,"2020-03-01",2020,"和歌山","Wakayama"
1636,716,920,187572851,91882063,95690788,31,"2020-03-01",2020,"鳥取","Tottori"
1987,840,1147,229383334,110532509,118850825,32,"2020-03-01",2020,"島根","Shimane"
4489,1891,2598,536326186,264114707,272211479,33,"2020-03-01",2020,"岡山","Okayama"
7456,3003,4453,916039804,426204313,489835491,34,"2020-03-01",2020,"広島","Hiroshima"
3674,1419,2255,457726906,203827346,253899560,35,"2020-03-01",2020,"山口","Yamaguchi"
1902,818,1084,233555039,111735676,121819363,36,"2020-03-01",2020,"徳島","Tokushima"
2728,1103,1625,330896601,156286800,174609801,37,"2020-03-01",2020,"香川","Kagawa"
3611,1390,2221,441585493,198360906,243224587,38,"2020-03-01",2020,"愛媛","Ehime"
2374,992,1382,282558976,129167431,153391545,39,"2020-03-01",2020,"高知","Kochi"
17642,7010,10632,2214697995,1001239048,1213458947,40,"2020-03-01",2020,"福岡","Fukuoka"
2482,931,1551,291340980,128786912,162554068,41,"2020-03-01",2020,"佐賀","Saga"
4689,1770,2919,524669916,231108443,293561473,42,"2020-03-01",2020,"長崎","Nagasaki"
5762,2377,3385,665227388,313765103,351462285,43,"2020-03-01",2020,"熊本","Kumamoto"
3947,1563,2384,452131273,209064871,243066402,44,"2020-03-01",2020,"大分","Oita"
3726,1501,2225,436712649,204432943,232279706,45,"2020-03-01",2020,"宮崎","Miyazaki"
5445,2097,3348,624442789,283947743,340495046,46,"2020-03-01",2020,"鹿児島","Kagoshima"
4135,1760,2375,509312349,244272219,265040130,47,"2020-03-01",2020,"沖縄","Okinawa"
351197,154179,197018,45316111520,22510567569,22805543951,99,"2020-04-01",2020,"全国","zenkoku"
16836,6891,9945,1980448624,936389175,1044059449,1,"2020-04-01",2020,"北海道","Hokkaido"
4312,1858,2454,479436113,239872189,239563924,2,"2020-04-01",2020,"青森","Aomori"
3613,1570,2043,384568050,189825707,194742343,3,"2020-04-01",2020,"岩手","Iwate"
7200,3180,4020,924579191,466714710,457864481,4,"2020-04-01",2020,"宮城","Miyagi"
3065,1375,1690,340511266,174967095,165544171,5,"2020-04-01",2020,"秋田","Akita"
3229,1399,1830,386995675,188793582,198202093,6,"2020-04-01",2020,"山形","Yamagata"
6166,2840,3326,771784398,404992185,366792213,7,"2020-04-01",2020,"福島","Fukushima"
7063,3366,3697,926017193,496460188,429557005,8,"2020-04-01",2020,"茨城","Ibaraki"
5867,2725,3142,761917827,407560316,354357511,9,"2020-04-01",2020,"栃木","Tochigi"
5583,2786,2797,729594074,409180164,320413910,10,"2020-04-01",2020,"群馬","Gunma"
19345,9498,9847,2538099881,1391275681,1146824200,11,"2020-04-01",2020,"埼玉","Saitama"
15358,7213,8145,2208885725,1156792279,1052093446,12,"2020-04-01",2020,"千葉","Chiba"
35641,16182,19459,5324684869,2639772029,2684912840,13,"2020-04-01",2020,"東京","Tokyo"
22671,10764,11907,3259846884,1719778689,1540068195,14,"2020-04-01",2020,"神奈川","Kanagawa"
6251,2601,3650,743046383,352811450,390234933,15,"2020-04-01",2020,"新潟","Niigata"
2495,1083,1412,309521110,149930584,159590526,16,"2020-04-01",2020,"富山","Toyama"
3070,1355,1715,384367565,192028712,192338853,17,"2020-04-01",2020,"石川","Ishikawa"
2052,829,1223,239288630,109468866,129819764,18,"2020-04-01",2020,"福井","Fukui"
2304,1020,1284,296711915,148565318,148146597,19,"2020-04-01",2020,"山梨","Yamanashi"
6366,2803,3563,737184513,364684264,372500249,20,"2020-04-01",2020,"長野","Nagano"
4824,2094,2730,589521793,284357735,305164058,21,"2020-04-01",2020,"岐阜","Gifu"
9882,4461,5421,1244631298,635813708,608817590,22,"2020-04-01",2020,"静岡","Shizuoka"
18879,8280,10599,2576035552,1266796326,1309239226,23,"2020-04-01",2020,"愛知","Aichi"
5653,2495,3158,703291759,351614044,351677715,24,"2020-04-01",2020,"三重","Mie"
4014,1834,2180,499359409,256456917,242902492,25,"2020-04-01",2020,"滋賀","Shiga"
6781,2838,3943,884387366,420229824,464157542,26,"2020-04-01",2020,"京都","Kyoto"
24512,10378,14134,3229450481,1541325632,1688124849,27,"2020-04-01",2020,"大阪","Osaka"
15443,6707,8736,1972311644,969410301,1002901343,28,"2020-04-01",2020,"兵庫","Hyogo"
3275,1483,1792,420755842,215000329,205755513,29,"2020-04-01",2020,"奈良","Nara"
2750,1186,1564,329521565,166584059,162937506,30,"2020-04-01",2020,"和歌山","Wakayama"
1591,734,857,179859801,93098846,86760955,31,"2020-04-01",2020,"鳥取","Tottori"
2110,891,1219,222950022,109756568,113193454,32,"2020-04-01",2020,"島根","Shimane"
4293,1815,2478,492277515,236699081,255578434,33,"2020-04-01",2020,"岡山","Okayama"
7028,2830,4198,847332022,390881208,456450814,34,"2020-04-01",2020,"広島","Hiroshima"
3601,1362,2239,443578955,195249366,248329589,35,"2020-04-01",2020,"山口","Yamaguchi"
2125,928,1197,274995654,137457624,137538030,36,"2020-04-01",2020,"徳島","Tokushima"
2639,1040,1599,296225147,134358019,161867128,37,"2020-04-01",2020,"香川","Kagawa"
3662,1437,2225,451076868,209727042,241349826,38,"2020-04-01",2020,"愛媛","Ehime"
2535,1047,1488,304433094,142949023,161484071,39,"2020-04-01",2020,"高知","Kochi"
17107,6894,10213,2202216407,1019319642,1182896765,40,"2020-04-01",2020,"福岡","Fukuoka"
2479,951,1528,273999056,121147859,152851197,41,"2020-04-01",2020,"佐賀","Saga"
4579,1794,2785,507765129,226567808,281197321,42,"2020-04-01",2020,"長崎","Nagasaki"
5909,2440,3469,674143192,318717280,355425912,43,"2020-04-01",2020,"熊本","Kumamoto"
3888,1512,2376,440634095,204067075,236567020,44,"2020-04-01",2020,"大分","Oita"
3593,1456,2137,400466707,191609628,208857079,45,"2020-04-01",2020,"宮崎","Miyazaki"
5382,2094,3288,609528872,275849186,333679686,46,"2020-04-01",2020,"鹿児島","Kagoshima"
4176,1860,2316,517872389,255660256,262212133,47,"2020-04-01",2020,"沖縄","Okinawa"
399241,172607,226634,48453804872,23694540787,24759264085,99,"2020-05-01",2020,"全国","zenkoku"
19646,7824,11822,2204311866,1024221563,1180090303,1,"2020-05-01",2020,"北海道","Hokkaido"
5202,2186,3016,576059190,281768834,294290356,2,"2020-05-01",2020,"青森","Aomori"
4355,1808,2547,457035832,212228616,244807216,3,"2020-05-01",2020,"岩手","Iwate"
7871,3360,4511,926267926,457586263,468681663,4,"2020-05-01",2020,"宮城","Miyagi"
3468,1538,1930,365421803,184008202,181413601,5,"2020-05-01",2020,"秋田","Akita"
3736,1561,2175,425545048,201033729,224511319,6,"2020-05-01",2020,"山形","Yamagata"
6334,2821,3513,731181627,366005555,365176072,7,"2020-05-01",2020,"福島","Fukushima"
8090,3816,4274,978867714,520386868,458480846,8,"2020-05-01",2020,"茨城","Ibaraki"
6376,2914,3462,785036966,404778533,380258433,9,"2020-05-01",2020,"栃木","Tochigi"
6194,2964,3230,744514919,398413618,346101301,10,"2020-05-01",2020,"群馬","Gunma"
22527,10959,11568,2959065248,1594380148,1364685100,11,"2020-05-01",2020,"埼玉","Saitama"
15905,7443,8462,2060765454,1076465457,984299997,12,"2020-05-01",2020,"千葉","Chiba"
38856,17599,21257,5237196129,2560951138,2676244991,13,"2020-05-01",2020,"東京","Tokyo"
24936,11758,13178,3500516318,1829760584,1670755734,14,"2020-05-01",2020,"神奈川","Kanagawa"
7455,2887,4568,852014583,378521818,473492765,15,"2020-05-01",2020,"新潟","Niigata"
2901,1224,1677,330872967,156672605,174200362,16,"2020-05-01",2020,"富山","Toyama"
3636,1540,2096,422846460,205109118,217737342,17,"2020-05-01",2020,"石川","Ishikawa"
2136,834,1302,241893821,109020930,132872891,18,"2020-05-01",2020,"福井","Fukui"
2793,1274,1519,339596178,173857556,165738622,19,"2020-05-01",2020,"山梨","Yamanashi"
7939,3408,4531,943064403,459636509,483427894,20,"2020-05-01",2020,"長野","Nagano"
5464,2361,3103,624732820,309880138,314852682,21,"2020-05-01",2020,"岐阜","Gifu"
11652,5232,6420,1421840380,716516796,705323584,22,"2020-05-01",2020,"静岡","Shizuoka"
22783,9988,12795,2973209208,1456720944,1516488264,23,"2020-05-01",2020,"愛知","Aichi"
5850,2579,3271,674625051,332820684,341804367,24,"2020-05-01",2020,"三重","Mie"
4770,2135,2635,552161576,285933735,266227841,25,"2020-05-01",2020,"滋賀","Shiga"
8037,3238,4799,958718218,436383843,522334375,26,"2020-05-01",2020,"京都","Kyoto"
28575,11982,16593,3643213055,1722675749,1920537306,27,"2020-05-01",2020,"大阪","Osaka"
17529,7564,9965,2134632056,1052404501,1082227555,28,"2020-05-01",2020,"兵庫","Hyogo"
3823,1722,2101,468097732,244180895,223916837,29,"2020-05-01",2020,"奈良","Nara"
3009,1275,1734,340045563,166377609,173667954,30,"2020-05-01",2020,"和歌山","Wakayama"
1892,815,1077,209280265,101704942,107575323,31,"2020-05-01",2020,"鳥取","Tottori"
2265,934,1331,245291537,114655139,130636398,32,"2020-05-01",2020,"島根","Shimane"
5142,2099,3043,564893934,260985074,303908860,33,"2020-05-01",2020,"岡山","Okayama"
8558,3341,5217,961826146,427815580,534010566,34,"2020-05-01",2020,"広島","Hiroshima"
4005,1523,2482,452282039,197452618,254829421,35,"2020-05-01",2020,"山口","Yamaguchi"
2458,1059,1399,283290786,138033108,145257678,36,"2020-05-01",2020,"徳島","Tokushima"
3081,1244,1837,344199406,157143570,187055836,37,"2020-05-01",2020,"香川","Kagawa"
4040,1562,2478,446252166,202235500,244016666,38,"2020-05-01",2020,"愛媛","Ehime"
2719,1128,1591,293327589,136865043,156462546,39,"2020-05-01",2020,"高知","Kochi"
18910,7571,11339,2127335974,968776121,1158559853,40,"2020-05-01",2020,"福岡","Fukuoka"
3021,1113,1908,328931894,142201947,186729947,41,"2020-05-01",2020,"佐賀","Saga"
5143,2015,3128,541520796,245884534,295636262,42,"2020-05-01",2020,"長崎","Nagasaki"
6631,2666,3965,701489387,326906782,374582605,43,"2020-05-01",2020,"熊本","Kumamoto"
4459,1709,2750,484434888,216068249,268366639,44,"2020-05-01",2020,"大分","Oita"
4053,1567,2486,420358487,189602054,230756433,45,"2020-05-01",2020,"宮崎","Miyazaki"
5919,2258,3661,624426192,283034790,341391402,46,"2020-05-01",2020,"鹿児島","Kagoshima"
5097,2209,2888,551313275,266473198,284840077,47,"2020-05-01",2020,"沖縄","Okinawa"
486371,209984,276387,63410726103,30938493485,32472232618,99,"2020-06-01",2020,"全国","zenkoku"
22008,8639,13369,2646402471,1201180818,1445221653,1,"2020-06-01",2020,"北海道","Hokkaido"
5650,2389,3261,605431751,293968307,311463444,2,"2020-06-01",2020,"青森","Aomori"
5060,2140,2920,555400345,265946564,289453781,3,"2020-06-01",2020,"岩手","Iwate"
10377,4328,6049,1304682997,630194775,674488222,4,"2020-06-01",2020,"宮城","Miyagi"
4107,1747,2360,490282318,237651053,252631265,5,"2020-06-01",2020,"秋田","Akita"
4219,1779,2440,511456273,241372050,270084223,6,"2020-06-01",2020,"山形","Yamagata"
8338,3740,4598,1049136220,535432185,513704035,7,"2020-06-01",2020,"福島","Fukushima"
10183,4744,5439,1300878846,688268150,612610696,8,"2020-06-01",2020,"茨城","Ibaraki"
8080,3617,4463,1068300899,534241648,534059251,9,"2020-06-01",2020,"栃木","Tochigi"
8240,3752,4488,1048982956,541680576,507302380,10,"2020-06-01",2020,"群馬","Gunma"
27691,13196,14495,3691629004,1966098451,1725530553,11,"2020-06-01",2020,"埼玉","Saitama"
21068,9750,11318,3044531856,1575426743,1469105113,12,"2020-06-01",2020,"千葉","Chiba"
51742,23261,28481,7796607117,3824781287,3971825830,13,"2020-06-01",2020,"東京","Tokyo"
30727,14371,16356,4430315730,2312871726,2117444004,14,"2020-06-01",2020,"神奈川","Kanagawa"
8686,3360,5326,1062769101,469197813,593571288,15,"2020-06-01",2020,"新潟","Niigata"
3475,1463,2012,435065240,202724852,232340388,16,"2020-06-01",2020,"富山","Toyama"
4282,1798,2484,552964376,261371732,291592644,17,"2020-06-01",2020,"石川","Ishikawa"
2727,1073,1654,315882957,143971688,171911269,18,"2020-06-01",2020,"福井","Fukui"
3282,1482,1800,394831383,201771866,193059517,19,"2020-06-01",2020,"山梨","Yamanashi"
9528,3955,5573,1135008578,537519273,597489305,20,"2020-06-01",2020,"長野","Nagano"
6758,2945,3813,847457742,410233056,437224686,21,"2020-06-01",2020,"岐阜","Gifu"
14185,6540,7645,1769907985,900655090,869252895,22,"2020-06-01",2020,"静岡","Shizuoka"
26327,11635,14692,3414342144,1684836378,1729505766,23,"2020-06-01",2020,"愛知","Aichi"
7076,3111,3965,898045050,444778837,453266213,24,"2020-06-01",2020,"三重","Mie"
5583,2459,3124,705520468,354316539,351203929,25,"2020-06-01",2020,"滋賀","Shiga"
9839,4023,5816,1286935080,593060144,693874936,26,"2020-06-01",2020,"京都","Kyoto"
34193,14561,19632,4557976586,2189387995,2368588591,27,"2020-06-01",2020,"大阪","Osaka"
20904,8896,12008,2750836218,1330341645,1420494573,28,"2020-06-01",2020,"兵庫","Hyogo"
4497,1986,2511,598642472,303789785,294852687,29,"2020-06-01",2020,"奈良","Nara"
3410,1418,1992,401298051,193482240,207815811,30,"2020-06-01",2020,"和歌山","Wakayama"
2152,937,1215,256954226,123731961,133222265,31,"2020-06-01",2020,"鳥取","Tottori"
2564,1080,1484,294397505,136529907,157867598,32,"2020-06-01",2020,"島根","Shimane"
6106,2543,3563,744232477,352138282,392094195,33,"2020-06-01",2020,"岡山","Okayama"
10246,4024,6222,1296301949,580095172,716206777,34,"2020-06-01",2020,"広島","Hiroshima"
4753,1815,2938,594587911,264404058,330183853,35,"2020-06-01",2020,"山口","Yamaguchi"
2828,1198,1630,355542777,169120148,186422629,36,"2020-06-01",2020,"徳島","Tokushima"
3423,1376,2047,403852798,185318151,218534647,37,"2020-06-01",2020,"香川","Kagawa"
4884,1941,2943,611003453,282655988,328347465,38,"2020-06-01",2020,"愛媛","Ehime"
3104,1281,1823,374973731,174460659,200513072,39,"2020-06-01",2020,"高知","Kochi"
23687,9591,14096,3058127883,1416600963,1641526920,40,"2020-06-01",2020,"福岡","Fukuoka"
3344,1308,2036,400863763,181059161,219804602,41,"2020-06-01",2020,"佐賀","Saga"
5764,2283,3481,642677200,290448200,352229000,42,"2020-06-01",2020,"長崎","Nagasaki"
7845,3187,4658,950703451,446054470,504648981,43,"2020-06-01",2020,"熊本","Kumamoto"
5229,2013,3216,612020965,279528951,332492014,44,"2020-06-01",2020,"大分","Oita"
4652,1795,2857,542682159,242605863,300076296,45,"2020-06-01",2020,"宮崎","Miyazaki"
6994,2673,4321,801292955,360207503,441085452,46,"2020-06-01",2020,"鹿児島","Kagoshima"
6554,2781,3773,798988686,382980782,416007904,47,"2020-06-01",2020,"沖縄","Okinawa"
533170,228092,305078,71352832418,34513944689,36838887729,99,"2020-07-01",2020,"全国","zenkoku"
23587,9012,14575,2967385266,1318408438,1648976828,1,"2020-07-01",2020,"北海道","Hokkaido"
6266,2582,3684,749516127,361286430,388229697,2,"2020-07-01",2020,"青森","Aomori"
5231,2263,2968,626319773,306140591,320179182,3,"2020-07-01",2020,"岩手","Iwate"
11148,4611,6537,1427864287,671556975,756307312,4,"2020-07-01",2020,"宮城","Miyagi"
4306,1827,2479,503845071,244339478,259505593,5,"2020-07-01",2020,"秋田","Akita"
4428,1863,2565,554531807,259254409,295277398,6,"2020-07-01",2020,"山形","Yamagata"
8892,3962,4930,1134343829,569939582,564404247,7,"2020-07-01",2020,"福島","Fukushima"
10998,5061,5937,1502896747,787527491,715369256,8,"2020-07-01",2020,"茨城","Ibaraki"
8589,3867,4722,1164974290,587234289,577740001,9,"2020-07-01",2020,"栃木","Tochigi"
8929,4032,4897,1184638751,595590512,589048239,10,"2020-07-01",2020,"群馬","Gunma"
30421,14262,16159,4342294390,2278882555,2063411835,11,"2020-07-01",2020,"埼玉","Saitama"
23007,10431,12576,3359409723,1704909564,1654500159,12,"2020-07-01",2020,"千葉","Chiba"
57362,25325,32037,8553698284,4104044397,4449653887,13,"2020-07-01",2020,"東京","Tokyo"
34281,15843,18438,5084059007,2617513901,2466545106,14,"2020-07-01",2020,"神奈川","Kanagawa"
9135,3547,5588,1146545359,502532700,644012659,15,"2020-07-01",2020,"新潟","Niigata"
3912,1652,2260,496940713,239707224,257233489,16,"2020-07-01",2020,"富山","Toyama"
4863,2027,2836,621594099,300648656,320945443,17,"2020-07-01",2020,"石川","Ishikawa"
2871,1161,1710,342639891,153398092,189241799,18,"2020-07-01",2020,"福井","Fukui"
3532,1594,1938,490468102,249818677,240649425,19,"2020-07-01",2020,"山梨","Yamanashi"
10344,4281,6063,1335634557,616351595,719282962,20,"2020-07-01",2020,"長野","Nagano"
7956,3404,4552,992781643,479213140,513568503,21,"2020-07-01",2020,"岐阜","Gifu"
16199,7577,8622,2144804462,1123079657,1021724805,22,"2020-07-01",2020,"静岡","Shizuoka"
30357,13499,16858,4296358201,2132851957,2163506244,23,"2020-07-01",2020,"愛知","Aichi"
7711,3388,4323,969155904,485399987,483755917,24,"2020-07-01",2020,"三重","Mie"
6374,2819,3555,817786162,410077057,407709105,25,"2020-07-01",2020,"滋賀","Shiga"
10776,4336,6440,1438295744,651213545,787082199,26,"2020-07-01",2020,"京都","Kyoto"
37714,15808,21906,5143936046,2426683810,2717252236,27,"2020-07-01",2020,"大阪","Osaka"
22919,9699,13220,3073791201,1477032934,1596758267,28,"2020-07-01",2020,"兵庫","Hyogo"
4873,2120,2753,653470506,330737414,322733092,29,"2020-07-01",2020,"奈良","Nara"
3678,1491,2187,437778500,205382660,232395840,30,"2020-07-01",2020,"和歌山","Wakayama"
2325,985,1340,275438367,129827617,145610750,31,"2020-07-01",2020,"鳥取","Tottori"
2759,1126,1633,320655422,150570937,170084485,32,"2020-07-01",2020,"島根","Shimane"
7116,2920,4196,863896410,401354320,462542090,33,"2020-07-01",2020,"岡山","Okayama"
11434,4475,6959,1463137281,656019160,807118121,34,"2020-07-01",2020,"広島","Hiroshima"
5239,1995,3244,634975367,282537181,352438186,35,"2020-07-01",2020,"山口","Yamaguchi"
3029,1315,1714,383470868,188242096,195228772,36,"2020-07-01",2020,"徳島","Tokushima"
3732,1503,2229,444178157,204084886,240093271,37,"2020-07-01",2020,"香川","Kagawa"
5129,2044,3085,646907108,297101565,349805543,38,"2020-07-01",2020,"愛媛","Ehime"
3299,1347,1952,389773151,182214921,207558230,39,"2020-07-01",2020,"高知","Kochi"
24921,9892,15029,3212911601,1474331094,1738580507,40,"2020-07-01",2020,"福岡","Fukuoka"
3544,1365,2179,432117389,191830301,240287088,41,"2020-07-01",2020,"佐賀","Saga"
6247,2451,3796,711683850,327024127,384659723,42,"2020-07-01",2020,"長崎","Nagasaki"
8491,3379,5112,1028197741,472001574,556196167,43,"2020-07-01",2020,"熊本","Kumamoto"
5786,2204,3582,681029392,302375000,378654392,44,"2020-07-01",2020,"大分","Oita"
5013,1904,3109,576847620,256475586,320372034,45,"2020-07-01",2020,"宮崎","Miyazaki"
7238,2785,4453,841495040,385576801,455918239,46,"2020-07-01",2020,"鹿児島","Kagoshima"
7209,3058,4151,888359212,421619806,466739406,47,"2020-07-01",2020,"沖縄","Okinawa"
554557,234694,319863,69896727760,33487569405,36409158355,99,"2020-08-01",2020,"全国","zenkoku"
24354,9190,15164,2873858227,1263830491,1610027736,1,"2020-08-01",2020,"北海道","Hokkaido"
6262,2573,3689,670594373,321774224,348820149,2,"2020-08-01",2020,"青森","Aomori"
5104,2261,2843,581363822,287223804,294140018,3,"2020-08-01",2020,"岩手","Iwate"
11225,4689,6536,1406756698,672733047,734023651,4,"2020-08-01",2020,"宮城","Miyagi"
4394,1886,2508,500646369,243638728,257007641,5,"2020-08-01",2020,"秋田","Akita"
4574,1892,2682,507837545,235857242,271980303,6,"2020-08-01",2020,"山形","Yamagata"
8743,3860,4883,1072358377,539202622,533155755,7,"2020-08-01",2020,"福島","Fukushima"
10973,4990,5983,1395466777,721880365,673586412,8,"2020-08-01",2020,"茨城","Ibaraki"
8634,3871,4763,1085213776,544581360,540632416,9,"2020-08-01",2020,"栃木","Tochigi"
8923,3962,4961,1094597818,545473156,549124662,10,"2020-08-01",2020,"群馬","Gunma"
30727,14305,16422,4043835509,2092532453,1951303056,11,"2020-08-01",2020,"埼玉","Saitama"
23765,10766,12999,3314860797,1676845581,1638015216,12,"2020-08-01",2020,"千葉","Chiba"
60471,26121,34350,8755880432,4106058316,4649822116,13,"2020-08-01",2020,"東京","Tokyo"
35610,16110,19500,5015860441,2533114015,2482746426,14,"2020-08-01",2020,"神奈川","Kanagawa"
9319,3621,5698,1089033894,481306887,607727007,15,"2020-08-01",2020,"新潟","Niigata"
4088,1704,2384,480671220,225115817,255555403,16,"2020-08-01",2020,"富山","Toyama"
5091,2108,2983,602316747,291412536,310904211,17,"2020-08-01",2020,"石川","Ishikawa"
2999,1184,1815,330342383,147730698,182611685,18,"2020-08-01",2020,"福井","Fukui"
3702,1708,1994,448058320,232113523,215944797,19,"2020-08-01",2020,"山梨","Yamanashi"
10202,4277,5925,1227526716,585085200,642441516,20,"2020-08-01",2020,"長野","Nagano"
8856,3794,5062,1025402478,493596161,531806317,21,"2020-08-01",2020,"岐阜","Gifu"
16856,7795,9061,2071717287,1081827988,989889299,22,"2020-08-01",2020,"静岡","Shizuoka"
32625,14174,18451,4182337628,2035695037,2146642591,23,"2020-08-01",2020,"愛知","Aichi"
8028,3509,4519,964690288,477279712,487410576,24,"2020-08-01",2020,"三重","Mie"
6678,2974,3704,793751406,403010880,390740526,25,"2020-08-01",2020,"滋賀","Shiga"
11677,4674,7003,1454628309,659195337,795432972,26,"2020-08-01",2020,"京都","Kyoto"
40219,16562,23657,5201531479,2444660025,2756871454,27,"2020-08-01",2020,"大阪","Osaka"
23830,9849,13981,2996514743,1419536816,1576977927,28,"2020-08-01",2020,"兵庫","Hyogo"
5114,2175,2939,641153725,313545709,327608016,29,"2020-08-01",2020,"奈良","Nara"
3780,1550,2230,424327285,201901056,222426229,30,"2020-08-01",2020,"和歌山","Wakayama"
2359,1004,1355,265563423,128079935,137483488,31,"2020-08-01",2020,"鳥取","Tottori"
2813,1164,1649,311355542,146945352,164410190,32,"2020-08-01",2020,"島根","Shimane"
7369,3019,4350,860416244,393711295,466704949,33,"2020-08-01",2020,"岡山","Okayama"
12020,4664,7356,1422321345,634960786,787360559,34,"2020-08-01",2020,"広島","Hiroshima"
5421,2081,3340,635221567,285215038,350006529,35,"2020-08-01",2020,"山口","Yamaguchi"
3098,1327,1771,361214901,173766033,187448868,36,"2020-08-01",2020,"徳島","Tokushima"
3834,1557,2277,453014098,214087271,238926827,37,"2020-08-01",2020,"香川","Kagawa"
5540,2193,3347,642629662,297087972,345541690,38,"2020-08-01",2020,"愛媛","Ehime"
3365,1364,2001,385685984,174166261,211519723,39,"2020-08-01",2020,"高知","Kochi"
26542,10323,16219,3233820673,1447296075,1786524598,40,"2020-08-01",2020,"福岡","Fukuoka"
3687,1404,2283,416580537,185125652,231454885,41,"2020-08-01",2020,"佐賀","Saga"
6635,2559,4076,714794077,320918189,393875888,42,"2020-08-01",2020,"長崎","Nagasaki"
8773,3542,5231,992067412,460522685,531544727,43,"2020-08-01",2020,"熊本","Kumamoto"
5846,2239,3607,641581818,286773664,354808154,44,"2020-08-01",2020,"大分","Oita"
5251,1993,3258,583151858,257501252,325650606,45,"2020-08-01",2020,"宮崎","Miyazaki"
7529,2877,4652,827485414,376927686,450557728,46,"2020-08-01",2020,"鹿児島","Kagoshima"
7652,3250,4402,896688336,426725473,469962863,47,"2020-08-01",2020,"沖縄","Okinawa"
556126,234970,321156,74994957725,35695157399,39299800326,99,"2020-09-01",2020,"全国","zenkoku"
23876,9034,14842,3062707908,1330333300,1732374608,1,"2020-09-01",2020,"北海道","Hokkaido"
6209,2557,3652,752727914,361570265,391157649,2,"2020-09-01",2020,"青森","Aomori"
4950,2215,2735,627200808,311631193,315569615,3,"2020-09-01",2020,"岩手","Iwate"
10777,4507,6270,1405338729,679946528,725392201,4,"2020-09-01",2020,"宮城","Miyagi"
4411,1905,2506,534464595,260683858,273780737,5,"2020-09-01",2020,"秋田","Akita"
4887,2022,2865,639254188,295219060,344035128,6,"2020-09-01",2020,"山形","Yamagata"
8440,3731,4709,1097894095,547222215,550671880,7,"2020-09-01",2020,"福島","Fukushima"
10926,4944,5982,1515779345,778071185,737708160,8,"2020-09-01",2020,"茨城","Ibaraki"
8542,3873,4669,1131422416,571770486,559651930,9,"2020-09-01",2020,"栃木","Tochigi"
8674,3923,4751,1137019486,579724886,557294600,10,"2020-09-01",2020,"群馬","Gunma"
30531,14251,16280,4387601837,2271053092,2116548745,11,"2020-09-01",2020,"埼玉","Saitama"
23855,10770,13085,3477139124,1743799830,1733339294,12,"2020-09-01",2020,"千葉","Chiba"
60750,26090,34660,9045922003,4213890431,4832031572,13,"2020-09-01",2020,"東京","Tokyo"
36067,16263,19804,5242218323,2625572975,2616645348,14,"2020-09-01",2020,"神奈川","Kanagawa"
9229,3639,5590,1152700406,514571823,638128583,15,"2020-09-01",2020,"新潟","Niigata"
4187,1734,2453,544182096,253346352,290835744,16,"2020-09-01",2020,"富山","Toyama"
5049,2029,3020,651429165,305486909,345942256,17,"2020-09-01",2020,"石川","Ishikawa"
2988,1167,1821,380064851,161053904,219010947,18,"2020-09-01",2020,"福井","Fukui"
3634,1664,1970,492829789,255379621,237450168,19,"2020-09-01",2020,"山梨","Yamanashi"
9827,4212,5615,1259674051,610948056,648725995,20,"2020-09-01",2020,"長野","Nagano"
9113,3937,5176,1201225784,584581749,616644035,21,"2020-09-01",2020,"岐阜","Gifu"
16697,7610,9087,2220757499,1139545677,1081211822,22,"2020-09-01",2020,"静岡","Shizuoka"
32977,14264,18713,4653876935,2249533022,2404343913,23,"2020-09-01",2020,"愛知","Aichi"
8128,3418,4710,1044060267,498129942,545930325,24,"2020-09-01",2020,"三重","Mie"
6702,2981,3721,890794060,446122135,444671925,25,"2020-09-01",2020,"滋賀","Shiga"
11756,4720,7036,1606662250,732251366,874410884,26,"2020-09-01",2020,"京都","Kyoto"
41442,16918,24524,5556969994,2559770483,2997199511,27,"2020-09-01",2020,"大阪","Osaka"
24396,9929,14467,3285888672,1525650298,1760238374,28,"2020-09-01",2020,"兵庫","Hyogo"
5163,2175,2988,675861590,327173913,348687677,29,"2020-09-01",2020,"奈良","Nara"
3769,1561,2208,455533089,216155792,239377297,30,"2020-09-01",2020,"和歌山","Wakayama"
2382,1034,1348,286609931,137826895,148783036,31,"2020-09-01",2020,"鳥取","Tottori"
2848,1181,1667,349585978,163550041,186035937,32,"2020-09-01",2020,"島根","Shimane"
7591,3146,4445,955612319,447798630,507813689,33,"2020-09-01",2020,"岡山","Okayama"
12346,4806,7540,1623307516,725069140,898238376,34,"2020-09-01",2020,"広島","Hiroshima"
5349,2036,3313,666486177,296127769,370358408,35,"2020-09-01",2020,"山口","Yamaguchi"
3044,1327,1717,395439998,191705443,203734555,36,"2020-09-01",2020,"徳島","Tokushima"
3804,1553,2251,478973758,224159047,254814711,37,"2020-09-01",2020,"香川","Kagawa"
5492,2174,3318,684691824,311690410,373001414,38,"2020-09-01",2020,"愛媛","Ehime"
3250,1340,1910,390890489,180031899,210858590,39,"2020-09-01",2020,"高知","Kochi"
26328,10231,16097,3429936681,1524463970,1905472711,40,"2020-09-01",2020,"福岡","Fukuoka"
3606,1377,2229,442795705,193775931,249019774,41,"2020-09-01",2020,"佐賀","Saga"
6671,2564,4107,799463527,346855307,452608220,42,"2020-09-01",2020,"長崎","Nagasaki"
9067,3672,5395,1144007936,533388987,610618949,43,"2020-09-01",2020,"熊本","Kumamoto"
5918,2290,3628,707755421,318410438,389344983,44,"2020-09-01",2020,"大分","Oita"
5222,1997,3225,635631746,282044322,353587424,45,"2020-09-01",2020,"宮崎","Miyazaki"
7722,2953,4769,938688488,417570895,521117593,46,"2020-09-01",2020,"鹿児島","Kagoshima"
7534,3246,4288,935878962,450497929,485381033,47,"2020-09-01",2020,"沖縄","Okinawa"
535676,225817,309859,71252782547,33639871408,37612911139,99,"2020-10-01",2020,"全国","zenkoku"
22908,8562,14346,2776454756,1195094432,1581360324,1,"2020-10-01",2020,"北海道","Hokkaido"
6041,2416,3625,696651183,326010204,370640979,2,"2020-10-01",2020,"青森","Aomori"
4744,2069,2675,567272680,284095772,283176908,3,"2020-10-01",2020,"岩手","Iwate"
10092,4303,5789,1274305112,618482664,655822448,4,"2020-10-01",2020,"宮城","Miyagi"
4225,1895,2330,497543813,258068120,239475693,5,"2020-10-01",2020,"秋田","Akita"
4773,2003,2770,593220832,276780669,316440163,6,"2020-10-01",2020,"山形","Yamagata"
8024,3439,4585,1011631127,495019079,516612048,7,"2020-10-01",2020,"福島","Fukushima"
10202,4661,5541,1353018235,697480771,655537464,8,"2020-10-01",2020,"茨城","Ibaraki"
8208,3769,4439,1085351186,552755987,532595199,9,"2020-10-01",2020,"栃木","Tochigi"
8075,3754,4321,1032687129,528855227,503831902,10,"2020-10-01",2020,"群馬","Gunma"
29341,13801,15540,4074697247,2117428707,1957268540,11,"2020-10-01",2020,"埼玉","Saitama"
22855,10285,12570,3322522645,1652480883,1670041762,12,"2020-10-01",2020,"千葉","Chiba"
58885,25153,33732,9057384637,4156136665,4901247972,13,"2020-10-01",2020,"東京","Tokyo"
35137,15786,19351,5274524644,2596689976,2677834668,14,"2020-10-01",2020,"神奈川","Kanagawa"
8638,3461,5177,1072586520,484557853,588028667,15,"2020-10-01",2020,"新潟","Niigata"
3965,1669,2296,503404734,236909065,266495669,16,"2020-10-01",2020,"富山","Toyama"
5014,1936,3078,628515368,277298969,351216399,17,"2020-10-01",2020,"石川","Ishikawa"
2826,1115,1711,330535550,145017986,185517564,18,"2020-10-01",2020,"福井","Fukui"
3441,1576,1865,459008789,237867619,221141170,19,"2020-10-01",2020,"山梨","Yamanashi"
9226,4022,5204,1142092375,557763918,584328457,20,"2020-10-01",2020,"長野","Nagano"
8759,3727,5032,1103843499,531429768,572413731,21,"2020-10-01",2020,"岐阜","Gifu"
15940,7227,8713,2076363607,1044531831,1031831776,22,"2020-10-01",2020,"静岡","Shizuoka"
31236,13390,17846,4292269736,2042089012,2250180724,23,"2020-10-01",2020,"愛知","Aichi"
7810,3239,4571,964360678,448909752,515450926,24,"2020-10-01",2020,"三重","Mie"
6641,2869,3772,834662379,411233975,423428404,25,"2020-10-01",2020,"滋賀","Shiga"
11360,4522,6838,1485054948,669633088,815421860,26,"2020-10-01",2020,"京都","Kyoto"
40520,16467,24053,5546985963,2514480748,3032505215,27,"2020-10-01",2020,"大阪","Osaka"
23907,9711,14196,3231243911,1493151269,1738092642,28,"2020-10-01",2020,"兵庫","Hyogo"
5037,2156,2881,662292965,322479748,339813217,29,"2020-10-01",2020,"奈良","Nara"
3692,1515,2177,445565612,209521226,236044386,30,"2020-10-01",2020,"和歌山","Wakayama"
2376,1024,1352,283887241,136015675,147871566,31,"2020-10-01",2020,"鳥取","Tottori"
2714,1145,1569,311356049,147591021,163765028,32,"2020-10-01",2020,"島根","Shimane"
7345,2996,4349,892079824,406215995,485863829,33,"2020-10-01",2020,"岡山","Okayama"
11798,4538,7260,1480770623,645896502,834874121,34,"2020-10-01",2020,"広島","Hiroshima"
5095,1941,3154,624037087,274542254,349494833,35,"2020-10-01",2020,"山口","Yamaguchi"
3083,1243,1840,361532585,169868614,191663971,36,"2020-10-01",2020,"徳島","Tokushima"
3741,1559,2182,450594361,211060420,239533941,37,"2020-10-01",2020,"香川","Kagawa"
5383,2097,3286,634698602,284485706,350212896,38,"2020-10-01",2020,"愛媛","Ehime"
3137,1286,1851,373208183,173784945,199423238,39,"2020-10-01",2020,"高知","Kochi"
25472,10008,15464,3275622710,1467742912,1807879798,40,"2020-10-01",2020,"福岡","Fukuoka"
3510,1369,2141,408958978,178343607,230615371,41,"2020-10-01",2020,"佐賀","Saga"
6312,2384,3928,714299163,305102068,409197095,42,"2020-10-01",2020,"長崎","Nagasaki"
8722,3589,5133,1034680796,480938040,553742756,43,"2020-10-01",2020,"熊本","Kumamoto"
5780,2232,3548,662523759,297390378,365133381,44,"2020-10-01",2020,"大分","Oita"
4939,1884,3055,578450048,255368847,323081201,45,"2020-10-01",2020,"宮崎","Miyazaki"
7605,2933,4672,897775547,397636572,500138975,46,"2020-10-01",2020,"鹿児島","Kagoshima"
7142,3091,4051,872255131,425632869,446622262,47,"2020-10-01",2020,"沖縄","Okinawa"
491268,207796,283472,60392421653,28691661344,31700760309,99,"2020-11-01",2020,"全国","zenkoku"
21686,8173,13513,2519632347,1101381233,1418251114,1,"2020-11-01",2020,"北海道","Hokkaido"
5390,2205,3185,571749020,267907415,303841605,2,"2020-11-01",2020,"青森","Aomori"
4525,2002,2523,484241752,239321098,244920654,3,"2020-11-01",2020,"岩手","Iwate"
9440,4022,5418,1134209030,550771396,583437634,4,"2020-11-01",2020,"宮城","Miyagi"
3967,1819,2148,439883491,229870828,210012663,5,"2020-11-01",2020,"秋田","Akita"
4493,1885,2608,506571372,237013081,269558291,6,"2020-11-01",2020,"山形","Yamagata"
7114,3106,4008,827383532,407814105,419569427,7,"2020-11-01",2020,"福島","Fukushima"
9231,4264,4967,1126700096,583505891,543194205,8,"2020-11-01",2020,"茨城","Ibaraki"
7378,3458,3920,886854062,457338466,429515596,9,"2020-11-01",2020,"栃木","Tochigi"
7468,3526,3942,881231929,465410594,415821335,10,"2020-11-01",2020,"群馬","Gunma"
27489,13081,14408,3509580224,1837193988,1672386236,11,"2020-11-01",2020,"埼玉","Saitama"
20963,9478,11485,2803344633,1398291479,1405053154,12,"2020-11-01",2020,"千葉","Chiba"
53539,22865,30674,7573406803,3498474639,4074932164,13,"2020-11-01",2020,"東京","Tokyo"
31614,14259,17355,4274729738,2128339759,2146389979,14,"2020-11-01",2020,"神奈川","Kanagawa"
7555,3097,4458,870313484,402972233,467341251,15,"2020-11-01",2020,"新潟","Niigata"
3577,1475,2102,422789906,194625082,228164824,16,"2020-11-01",2020,"富山","Toyama"
4606,1752,2854,535683988,231653801,304030187,17,"2020-11-01",2020,"石川","Ishikawa"
2548,1000,1548,287827662,124800498,163027164,18,"2020-11-01",2020,"福井","Fukui"
3189,1444,1745,378935759,192981676,185954083,19,"2020-11-01",2020,"山梨","Yamanashi"
8167,3580,4587,941284389,467948243,473336146,20,"2020-11-01",2020,"長野","Nagano"
7990,3449,4541,930028823,452886980,477141843,21,"2020-11-01",2020,"岐阜","Gifu"
14634,6709,7925,1757933007,900622005,857311002,22,"2020-11-01",2020,"静岡","Shizuoka"
29341,12577,16764,3678884328,1753600124,1925284204,23,"2020-11-01",2020,"愛知","Aichi"
7083,2905,4178,850017641,392760521,457257120,24,"2020-11-01",2020,"三重","Mie"
6224,2648,3576,735383864,352542121,382841743,25,"2020-11-01",2020,"滋賀","Shiga"
10576,4183,6393,1316971186,591604272,725366914,26,"2020-11-01",2020,"京都","Kyoto"
37466,15236,22230,4726893830,2164070834,2562822996,27,"2020-11-01",2020,"大阪","Osaka"
21359,8654,12705,2605790580,1204315682,1401474898,28,"2020-11-01",2020,"兵庫","Hyogo"
4700,2005,2695,588319610,286975771,301343839,29,"2020-11-01",2020,"奈良","Nara"
3417,1442,1975,385340268,187794667,197545601,30,"2020-11-01",2020,"和歌山","Wakayama"
2138,954,1184,230653938,117387513,113266425,31,"2020-11-01",2020,"鳥取","Tottori"
2582,1070,1512,278483115,128791476,149691639,32,"2020-11-01",2020,"島根","Shimane"
6733,2766,3967,744318696,343009084,401309612,33,"2020-11-01",2020,"岡山","Okayama"
10849,4224,6625,1259708025,562519975,697188050,34,"2020-11-01",2020,"広島","Hiroshima"
4664,1771,2893,555408674,246760301,308648373,35,"2020-11-01",2020,"山口","Yamaguchi"
2872,1167,1705,333169688,147085873,186083815,36,"2020-11-01",2020,"徳島","Tokushima"
3425,1470,1955,393190408,194992653,198197755,37,"2020-11-01",2020,"香川","Kagawa"
5050,1963,3087,569532746,254460821,315071925,38,"2020-11-01",2020,"愛媛","Ehime"
2855,1171,1684,323908063,146624891,177283172,39,"2020-11-01",2020,"高知","Kochi"
23188,9101,14087,2754878336,1247759380,1507118956,40,"2020-11-01",2020,"福岡","Fukuoka"
3272,1258,2014,373273823,164815218,208458605,41,"2020-11-01",2020,"佐賀","Saga"
5699,2169,3530,613828310,265989599,347838711,42,"2020-11-01",2020,"長崎","Nagasaki"
8202,3348,4854,896472963,417636040,478836923,43,"2020-11-01",2020,"熊本","Kumamoto"
5345,2031,3314,578129282,255558920,322570362,44,"2020-11-01",2020,"大分","Oita"
4532,1713,2819,494673277,218603832,276069445,45,"2020-11-01",2020,"宮崎","Miyazaki"
6949,2726,4223,731560904,338288494,393272410,46,"2020-11-01",2020,"鹿児島","Kagoshima"
6184,2595,3589,709315051,336588792,372726259,47,"2020-11-01",2020,"沖縄","Okinawa"
469858,200540,269318,59321535823,28496141553,30825394270,99,"2020-12-01",2020,"全国","zenkoku"
20381,7766,12615,2315809147,1009799560,1306009587,1,"2020-12-01",2020,"北海道","Hokkaido"
5211,2133,3078,566585904,271151614,295434290,2,"2020-12-01",2020,"青森","Aomori"
4271,1859,2412,495613704,244839442,250774262,3,"2020-12-01",2020,"岩手","Iwate"
9115,3930,5185,1122453513,552808431,569645082,4,"2020-12-01",2020,"宮城","Miyagi"
3723,1722,2001,429685876,234288344,195397532,5,"2020-12-01",2020,"秋田","Akita"
4242,1789,2453,518726282,244026762,274699520,6,"2020-12-01",2020,"山形","Yamagata"
6961,3059,3902,849419257,418828558,430590699,7,"2020-12-01",2020,"福島","Fukushima"
8737,4131,4606,1127865869,597992840,529873029,8,"2020-12-01",2020,"茨城","Ibaraki"
7136,3356,3780,920461769,487723616,432738153,9,"2020-12-01",2020,"栃木","Tochigi"
7320,3612,3708,979361081,543169581,436191500,10,"2020-12-01",2020,"群馬","Gunma"
25816,12314,13502,3525508816,1854790738,1670718078,11,"2020-12-01",2020,"埼玉","Saitama"
20863,9544,11319,2960738672,1495444200,1465294472,12,"2020-12-01",2020,"千葉","Chiba"
51331,22032,29299,6910338011,3199783701,3710554310,13,"2020-12-01",2020,"東京","Tokyo"
31828,14521,17307,4446816301,2240536110,2206280191,14,"2020-12-01",2020,"神奈川","Kanagawa"
7180,2970,4210,826395988,385975164,440420824,15,"2020-12-01",2020,"新潟","Niigata"
3325,1388,1937,420013980,197103360,222910620,16,"2020-12-01",2020,"富山","Toyama"
4296,1649,2647,519158627,228350038,290808589,17,"2020-12-01",2020,"石川","Ishikawa"
2442,971,1471,288485647,127899561,160586086,18,"2020-12-01",2020,"福井","Fukui"
2936,1348,1588,374124308,193714096,180410212,19,"2020-12-01",2020,"山梨","Yamanashi"
7892,3415,4477,965303624,470806602,494497022,20,"2020-12-01",2020,"長野","Nagano"
7367,3196,4171,952647666,468731070,483916596,21,"2020-12-01",2020,"岐阜","Gifu"
13708,6298,7410,1654743156,860037794,794705362,22,"2020-12-01",2020,"静岡","Shizuoka"
26970,11690,15280,3405751026,1637847425,1767903601,23,"2020-12-01",2020,"愛知","Aichi"
6862,2862,4000,841874429,395464437,446409992,24,"2020-12-01",2020,"三重","Mie"
5846,2504,3342,773398642,380523319,392875323,25,"2020-12-01",2020,"滋賀","Shiga"
10045,4020,6025,1287390920,581527666,705863254,26,"2020-12-01",2020,"京都","Kyoto"
35252,14448,20804,4394524804,2017313880,2377210924,27,"2020-12-01",2020,"大阪","Osaka"
21176,8754,12422,2711011065,1275866801,1435144264,28,"2020-12-01",2020,"兵庫","Hyogo"
4426,1911,2515,551137670,269333595,281804075,29,"2020-12-01",2020,"奈良","Nara"
3378,1396,1982,389439615,185540945,203898670,30,"2020-12-01",2020,"和歌山","Wakayama"
2060,933,1127,244406895,124558427,119848468,31,"2020-12-01",2020,"鳥取","Tottori"
2495,1059,1436,288409640,135852738,152556902,32,"2020-12-01",2020,"島根","Shimane"
6699,2758,3941,794269753,371551496,422718257,33,"2020-12-01",2020,"岡山","Okayama"
10331,4117,6214,1246870609,568366070,678504539,34,"2020-12-01",2020,"広島","Hiroshima"
4477,1711,2766,542767014,244472157,298294857,35,"2020-12-01",2020,"山口","Yamaguchi"
2667,1100,1567,317104153,145648351,171455802,36,"2020-12-01",2020,"徳島","Tokushima"
3329,1424,1905,400638841,196297342,204341499,37,"2020-12-01",2020,"香川","Kagawa"
4766,1865,2901,567910085,259367880,308542205,38,"2020-12-01",2020,"愛媛","Ehime"
2657,1100,1557,294891395,136581121,158310274,39,"2020-12-01",2020,"高知","Kochi"
21985,8712,13273,2751046692,1251703976,1499342716,40,"2020-12-01",2020,"福岡","Fukuoka"
3072,1210,1862,347876132,157191127,190685005,41,"2020-12-01",2020,"佐賀","Saga"
5266,2030,3236,571495172,255164764,316330408,42,"2020-12-01",2020,"長崎","Nagasaki"
7621,3060,4561,849115568,395582833,453532735,43,"2020-12-01",2020,"熊本","Kumamoto"
5087,1944,3143,594215622,265131892,329083730,44,"2020-12-01",2020,"大分","Oita"
4383,1715,2668,499639513,227571912,272067601,45,"2020-12-01",2020,"宮崎","Miyazaki"
6693,2626,4067,747187392,343488807,403698585,46,"2020-12-01",2020,"鹿児島","Kagoshima"
6234,2588,3646,738905978,346391410,392514568,47,"2020-12-01",2020,"沖縄","Okinawa"
448514,195262,253252,60455834520,29576935487,30878899033,99,"2021-01-01",2021,"全国","zenkoku"
20283,7981,12302,2591696617,1159390162,1432306455,1,"2021-01-01",2021,"北海道","Hokkaido"
5399,2289,3110,637514968,309830628,327684340,2,"2021-01-01",2021,"青森","Aomori"
4390,1972,2418,486032742,245628395,240404347,3,"2021-01-01",2021,"岩手","Iwate"
8222,3580,4642,1068676981,531568888,537108093,4,"2021-01-01",2021,"宮城","Miyagi"
3804,1785,2019,452265904,242043214,210222690,5,"2021-01-01",2021,"秋田","Akita"
3852,1682,2170,460234080,224793944,235440136,6,"2021-01-01",2021,"山形","Yamagata"
6396,2831,3565,833374976,414979306,418395670,7,"2021-01-01",2021,"福島","Fukushima"
8199,3941,4258,1138099741,614615725,523484016,8,"2021-01-01",2021,"茨城","Ibaraki"
6495,3121,3374,865789853,460621416,405168437,9,"2021-01-01",2021,"栃木","Tochigi"
6615,3279,3336,869823070,483640573,386182497,10,"2021-01-01",2021,"群馬","Gunma"
24434,11878,12556,3537821751,1895088333,1642733418,11,"2021-01-01",2021,"埼玉","Saitama"
18905,8808,10097,2660471240,1370385650,1290085590,12,"2021-01-01",2021,"千葉","Chiba"
48338,21181,27157,7765983572,3673826366,4092157206,13,"2021-01-01",2021,"東京","Tokyo"
29720,13860,15860,4578967425,2352493939,2226473486,14,"2021-01-01",2021,"神奈川","Kanagawa"
6975,2977,3998,863101021,414545253,448555768,15,"2021-01-01",2021,"新潟","Niigata"
3110,1352,1758,385066547,188669325,196397222,16,"2021-01-01",2021,"富山","Toyama"
4104,1624,2480,510415886,229538007,280877879,17,"2021-01-01",2021,"石川","Ishikawa"
2354,941,1413,269051136,122348988,146702148,18,"2021-01-01",2021,"福井","Fukui"
2790,1284,1506,368367977,194377882,173990095,19,"2021-01-01",2021,"山梨","Yamanashi"
7501,3321,4180,941717663,465989786,475727877,20,"2021-01-01",2021,"長野","Nagano"
6899,3044,3855,832439914,419056286,413383628,21,"2021-01-01",2021,"岐阜","Gifu"
13347,6237,7110,1837929023,982233005,855696018,22,"2021-01-01",2021,"静岡","Shizuoka"
26144,11488,14656,3819538123,1885543389,1933994734,23,"2021-01-01",2021,"愛知","Aichi"
6411,2793,3618,784459211,385554382,398904829,24,"2021-01-01",2021,"三重","Mie"
5571,2436,3135,678351092,339260122,339090970,25,"2021-01-01",2021,"滋賀","Shiga"
9539,3880,5659,1259763543,578219863,681543680,26,"2021-01-01",2021,"京都","Kyoto"
33808,14171,19637,4754940190,2230725272,2524214918,27,"2021-01-01",2021,"大阪","Osaka"
20309,8600,11709,2761647096,1329281327,1432365769,28,"2021-01-01",2021,"兵庫","Hyogo"
4218,1819,2399,554214297,271719550,282494747,29,"2021-01-01",2021,"奈良","Nara"
3381,1413,1968,389994329,188284650,201709679,30,"2021-01-01",2021,"和歌山","Wakayama"
2105,1001,1104,232775809,121651747,111124062,31,"2021-01-01",2021,"鳥取","Tottori"
2458,1050,1408,268116933,129747964,138368969,32,"2021-01-01",2021,"島根","Shimane"
6722,2877,3845,742618847,359187411,383431436,33,"2021-01-01",2021,"岡山","Okayama"
10215,4213,6002,1270522220,597398645,673123575,34,"2021-01-01",2021,"広島","Hiroshima"
4291,1677,2614,502488382,227204157,275284225,35,"2021-01-01",2021,"山口","Yamaguchi"
2661,1061,1600,324880797,146074840,178805957,36,"2021-01-01",2021,"徳島","Tokushima"
3312,1461,1851,404897657,199373391,205524266,37,"2021-01-01",2021,"香川","Kagawa"
4553,1861,2692,551076606,256222358,294854248,38,"2021-01-01",2021,"愛媛","Ehime"
2651,1087,1564,313904281,144440335,169463946,39,"2021-01-01",2021,"高知","Kochi"
20992,8495,12497,2658703257,1230329695,1428373562,40,"2021-01-01",2021,"福岡","Fukuoka"
2910,1153,1757,339896042,155565170,184330872,41,"2021-01-01",2021,"佐賀","Saga"
5309,2136,3173,610840454,282099870,328740584,42,"2021-01-01",2021,"長崎","Nagasaki"
7313,2997,4316,868718314,407984842,460733472,43,"2021-01-01",2021,"熊本","Kumamoto"
5159,2033,3126,558505987,255838914,302667073,44,"2021-01-01",2021,"大分","Oita"
4235,1668,2567,469343623,216902947,252440676,45,"2021-01-01",2021,"宮崎","Miyazaki"
6525,2551,3974,730543290,334312046,396231244,46,"2021-01-01",2021,"鹿児島","Kagoshima"
5590,2373,3217,650252053,308347529,341904524,47,"2021-01-01",2021,"沖縄","Okinawa"
436891,192759,244132,51261768350,25357980363,25903787987,99,"2021-02-01",2021,"全国","zenkoku"
20429,8261,12168,2273073668,1048419743,1224653925,1,"2021-02-01",2021,"北海道","Hokkaido"
5265,2246,3019,559089684,276663495,282426189,2,"2021-02-01",2021,"青森","Aomori"
4324,1921,2403,449301766,222904822,226396944,3,"2021-02-01",2021,"岩手","Iwate"
7923,3487,4436,893826557,448495799,445330758,4,"2021-02-01",2021,"宮城","Miyagi"
3712,1753,1959,391935881,213034495,178901386,5,"2021-02-01",2021,"秋田","Akita"
3535,1618,1917,384637488,196242214,188395274,6,"2021-02-01",2021,"山形","Yamagata"
5880,2671,3209,661934783,339073913,322860870,7,"2021-02-01",2021,"福島","Fukushima"
7736,3775,3961,918012082,503449922,414562160,8,"2021-02-01",2021,"茨城","Ibaraki"
6174,3022,3152,708062656,387467467,320595189,9,"2021-02-01",2021,"栃木","Tochigi"
6138,3037,3101,710561785,393209696,317352089,10,"2021-02-01",2021,"群馬","Gunma"
23215,11406,11809,2896726585,1565569929,1331156656,11,"2021-02-01",2021,"埼玉","Saitama"
18964,9094,9870,2453259600,1289309093,1163950507,12,"2021-02-01",2021,"千葉","Chiba"
46779,20783,25996,6223676722,2970011931,3253664791,13,"2021-02-01",2021,"東京","Tokyo"
29111,13843,15268,3789141264,1977063413,1812077851,14,"2021-02-01",2021,"神奈川","Kanagawa"
6921,3008,3913,750419853,367591309,382828544,15,"2021-02-01",2021,"新潟","Niigata"
3113,1366,1747,350121397,174082137,176039260,16,"2021-02-01",2021,"富山","Toyama"
4010,1656,2354,443062731,205282189,237780542,17,"2021-02-01",2021,"石川","Ishikawa"
2296,972,1324,244516774,116643950,127872824,18,"2021-02-01",2021,"福井","Fukui"
2668,1224,1444,313219386,165040617,148178769,19,"2021-02-01",2021,"山梨","Yamanashi"
7050,3151,3899,774445537,393452122,380993415,20,"2021-02-01",2021,"長野","Nagano"
6463,2948,3515,736084014,377367125,358716889,21,"2021-02-01",2021,"岐阜","Gifu"
12506,5859,6647,1436049696,760830788,675218908,22,"2021-02-01",2021,"静岡","Shizuoka"
25013,11103,13910,2987521901,1487278199,1500243702,23,"2021-02-01",2021,"愛知","Aichi"
6301,2787,3514,722926711,363644640,359282071,24,"2021-02-01",2021,"三重","Mie"
5450,2443,3007,610204852,307393911,302810941,25,"2021-02-01",2021,"滋賀","Shiga"
9534,3893,5641,1136765671,525148571,611617100,26,"2021-02-01",2021,"京都","Kyoto"
33631,14396,19235,4019417467,1915739082,2103678385,27,"2021-02-01",2021,"大阪","Osaka"
20026,8550,11476,2326026172,1128562050,1197464122,28,"2021-02-01",2021,"兵庫","Hyogo"
4079,1833,2246,488168207,246965323,241202884,29,"2021-02-01",2021,"奈良","Nara"
3349,1397,1952,358257723,173144323,185113400,30,"2021-02-01",2021,"和歌山","Wakayama"
2034,974,1060,208782366,113597685,95184681,31,"2021-02-01",2021,"鳥取","Tottori"
2374,1027,1347,247383777,122344105,125039672,32,"2021-02-01",2021,"島根","Shimane"
6565,2845,3720,696079288,338197166,357882122,33,"2021-02-01",2021,"岡山","Okayama"
9984,4178,5806,1102127610,532691753,569435857,34,"2021-02-01",2021,"広島","Hiroshima"
4178,1663,2515,463508022,215222923,248285099,35,"2021-02-01",2021,"山口","Yamaguchi"
2643,1066,1577,285534542,126303828,159230714,36,"2021-02-01",2021,"徳島","Tokushima"
3160,1368,1792,346691333,170543928,176147405,37,"2021-02-01",2021,"香川","Kagawa"
4651,1886,2765,497296097,232763596,264532501,38,"2021-02-01",2021,"愛媛","Ehime"
2605,1091,1514,279689935,128646105,151043830,39,"2021-02-01",2021,"高知","Kochi"
21108,8601,12507,2388746582,1110038022,1278708560,40,"2021-02-01",2021,"福岡","Fukuoka"
2841,1117,1724,298253671,136970943,161282728,41,"2021-02-01",2021,"佐賀","Saga"
5102,2058,3044,515749231,238153080,277596151,42,"2021-02-01",2021,"長崎","Nagasaki"
6817,2805,4012,714134986,332833654,381301332,43,"2021-02-01",2021,"熊本","Kumamoto"
5052,1989,3063,524127967,240523175,283604792,44,"2021-02-01",2021,"大分","Oita"
4137,1602,2535,425728902,192322012,233406890,45,"2021-02-01",2021,"宮崎","Miyazaki"
6423,2595,3828,655193689,301565671,353628018,46,"2021-02-01",2021,"鹿児島","Kagoshima"
5622,2391,3231,602291739,286180449,316111290,47,"2021-02-01",2021,"沖縄","Okinawa"
445510,197968,247542,61158410328,30475138059,30683272269,99,"2021-03-01",2021,"全国","zenkoku"
20999,8640,12359,2744130059,1292156335,1451973724,1,"2021-03-01",2021,"北海道","Hokkaido"
5459,2373,3086,672226604,333780573,338446031,2,"2021-03-01",2021,"青森","Aomori"
4331,1935,2396,533974160,263453649,270520511,3,"2021-03-01",2021,"岩手","Iwate"
7879,3549,4330,1066744668,548058166,518686502,4,"2021-03-01",2021,"宮城","Miyagi"
3758,1753,2005,456831407,242654196,214177211,5,"2021-03-01",2021,"秋田","Akita"
3630,1660,1970,447443125,230104680,217338445,6,"2021-03-01",2021,"山形","Yamagata"
6056,2788,3268,798368648,409957140,388411508,7,"2021-03-01",2021,"福島","Fukushima"
7874,3800,4074,1082071901,588905847,493166054,8,"2021-03-01",2021,"茨城","Ibaraki"
6227,3003,3224,826963922,449752411,377211511,9,"2021-03-01",2021,"栃木","Tochigi"
6039,2991,3048,801806305,449155606,352650699,10,"2021-03-01",2021,"群馬","Gunma"
24177,11870,12307,3421614407,1851596897,1570017510,11,"2021-03-01",2021,"埼玉","Saitama"
19654,9365,10289,2976564341,1571838036,1404726305,12,"2021-03-01",2021,"千葉","Chiba"
47437,21323,26114,7507524930,3642552813,3864972117,13,"2021-03-01",2021,"東京","Tokyo"
29366,14039,15327,4514170318,2381574528,2132595790,14,"2021-03-01",2021,"神奈川","Kanagawa"
7290,3164,4126,921355503,453640994,467714509,15,"2021-03-01",2021,"新潟","Niigata"
3142,1368,1774,410366546,199666783,210699763,16,"2021-03-01",2021,"富山","Toyama"
4000,1682,2318,518971207,248235990,270735217,17,"2021-03-01",2021,"石川","Ishikawa"
2364,1018,1346,290846527,141970449,148876078,18,"2021-03-01",2021,"福井","Fukui"
2643,1187,1456,348427535,179727519,168700016,19,"2021-03-01",2021,"山梨","Yamanashi"
7087,3243,3844,905904668,465986175,439918493,20,"2021-03-01",2021,"長野","Nagano"
6607,3014,3593,863002513,441564650,421437863,21,"2021-03-01",2021,"岐阜","Gifu"
12528,5869,6659,1660566741,868673456,791893285,22,"2021-03-01",2021,"静岡","Shizuoka"
25406,11414,13992,3498387097,1757115721,1741271376,23,"2021-03-01",2021,"愛知","Aichi"
6431,2874,3557,834300553,421036184,413264369,24,"2021-03-01",2021,"三重","Mie"
5411,2384,3027,709566576,356279871,353286705,25,"2021-03-01",2021,"滋賀","Shiga"
9765,4142,5623,1345113371,640308718,704804653,26,"2021-03-01",2021,"京都","Kyoto"
34622,14967,19655,4899362744,2361261080,2538101664,27,"2021-03-01",2021,"大阪","Osaka"
20535,8836,11699,2865904021,1385404564,1480499457,28,"2021-03-01",2021,"兵庫","Hyogo"
4058,1832,2226,557078212,287447601,269630611,29,"2021-03-01",2021,"奈良","Nara"
3435,1461,1974,424992173,209203924,215788249,30,"2021-03-01",2021,"和歌山","Wakayama"
2100,990,1110,247548810,129469773,118079037,31,"2021-03-01",2021,"鳥取","Tottori"
2419,1049,1370,293948025,143200670,150747355,32,"2021-03-01",2021,"島根","Shimane"
6718,2926,3792,836577264,416134847,420442417,33,"2021-03-01",2021,"岡山","Okayama"
9955,4158,5797,1286463919,617047396,669416523,34,"2021-03-01",2021,"広島","Hiroshima"
4246,1718,2528,555395869,260204366,295191503,35,"2021-03-01",2021,"山口","Yamaguchi"
2655,1045,1610,340182240,143850192,196332048,36,"2021-03-01",2021,"徳島","Tokushima"
3151,1377,1774,393918656,198798735,195119921,37,"2021-03-01",2021,"香川","Kagawa"
4754,1964,2790,601895456,287714423,314181033,38,"2021-03-01",2021,"愛媛","Ehime"
2638,1151,1487,324560568,154132777,170427791,39,"2021-03-01",2021,"高知","Kochi"
21907,9048,12859,2948434623,1378588120,1569846503,40,"2021-03-01",2021,"福岡","Fukuoka"
2898,1160,1738,345785012,161188549,184596463,41,"2021-03-01",2021,"佐賀","Saga"
5140,2083,3057,601351037,281155072,320195965,42,"2021-03-01",2021,"長崎","Nagasaki"
6951,2896,4055,837724558,396842661,440881897,43,"2021-03-01",2021,"熊本","Kumamoto"
5181,2103,3078,612235293,288258289,323977004,44,"2021-03-01",2021,"大分","Oita"
4297,1691,2606,513750843,228993604,284757239,45,"2021-03-01",2021,"宮崎","Miyazaki"
6607,2631,3976,791526917,368266959,423259958,46,"2021-03-01",2021,"鹿児島","Kagoshima"
5683,2434,3249,722530456,348227070,374303386,47,"2021-03-01",2021,"沖縄","Okinawa"
434243,193538,240705,56452746107,28229677713,28223068394,99,"2021-04-01",2021,"全国","zenkoku"
20446,8334,12112,2481687814,1156939425,1324748389,1,"2021-04-01",2021,"北海道","Hokkaido"
5377,2272,3105,577567552,283565013,294002539,2,"2021-04-01",2021,"青森","Aomori"
4035,1801,2234,441674568,223446778,218227790,3,"2021-04-01",2021,"岩手","Iwate"
7666,3438,4228,957981490,489879541,468101949,4,"2021-04-01",2021,"宮城","Miyagi"
3735,1701,2034,414649936,214524469,200125467,5,"2021-04-01",2021,"秋田","Akita"
3480,1624,1856,394959740,202142425,192817315,6,"2021-04-01",2021,"山形","Yamagata"
6100,2854,3246,736969277,387442625,349526652,7,"2021-04-01",2021,"福島","Fukushima"
7665,3729,3936,962561796,521639628,440922168,8,"2021-04-01",2021,"茨城","Ibaraki"
6131,2989,3142,785331938,429661177,355670761,9,"2021-04-01",2021,"栃木","Tochigi"
5780,2849,2931,723080447,395299325,327781122,10,"2021-04-01",2021,"群馬","Gunma"
23221,11427,11794,3157698734,1721895809,1435802925,11,"2021-04-01",2021,"埼玉","Saitama"
19127,9172,9955,2770783751,1469196999,1301586752,12,"2021-04-01",2021,"千葉","Chiba"
46493,21250,25243,7071270393,3466336588,3604933805,13,"2021-04-01",2021,"東京","Tokyo"
29247,14094,15153,4427319679,2353176597,2074143082,14,"2021-04-01",2021,"神奈川","Kanagawa"
7375,3268,4107,878949457,443048089,435901368,15,"2021-04-01",2021,"新潟","Niigata"
3052,1335,1717,372841952,184701488,188140464,16,"2021-04-01",2021,"富山","Toyama"
3991,1618,2373,490279538,228013981,262265557,17,"2021-04-01",2021,"石川","Ishikawa"
2373,1007,1366,271846992,131023112,140823880,18,"2021-04-01",2021,"福井","Fukui"
2454,1112,1342,311737009,159038633,152698376,19,"2021-04-01",2021,"山梨","Yamanashi"
6777,3085,3692,797731215,408975931,388755284,20,"2021-04-01",2021,"長野","Nagano"
6366,2894,3472,755584992,383629438,371955554,21,"2021-04-01",2021,"岐阜","Gifu"
12154,5660,6494,1519099438,798722011,720377427,22,"2021-04-01",2021,"静岡","Shizuoka"
24201,10948,13253,3205944780,1616100967,1589843813,23,"2021-04-01",2021,"愛知","Aichi"
6395,2851,3544,784967952,389694199,395273753,24,"2021-04-01",2021,"三重","Mie"
5242,2302,2940,637030378,319382853,317647525,25,"2021-04-01",2021,"滋賀","Shiga"
9334,3989,5345,1217589102,591949455,625639647,26,"2021-04-01",2021,"京都","Kyoto"
33497,14677,18820,4548010313,2216984456,2331025857,27,"2021-04-01",2021,"大阪","Osaka"
19523,8441,11082,2503608551,1228649632,1274958919,28,"2021-04-01",2021,"兵庫","Hyogo"
4038,1838,2200,535761861,276933062,258828799,29,"2021-04-01",2021,"奈良","Nara"
3363,1408,1955,387134935,189312098,197822837,30,"2021-04-01",2021,"和歌山","Wakayama"
2170,967,1203,240193115,122135431,118057684,31,"2021-04-01",2021,"鳥取","Tottori"
2402,999,1403,252926543,118695495,134231048,32,"2021-04-01",2021,"島根","Shimane"
6596,2844,3752,770228575,374750797,395477778,33,"2021-04-01",2021,"岡山","Okayama"
9503,3923,5580,1130890226,536807561,594082665,34,"2021-04-01",2021,"広島","Hiroshima"
4120,1676,2444,495611457,233443771,262167686,35,"2021-04-01",2021,"山口","Yamaguchi"
2640,1087,1553,310723632,142725708,167997924,36,"2021-04-01",2021,"徳島","Tokushima"
3198,1344,1854,367814423,172370827,195443596,37,"2021-04-01",2021,"香川","Kagawa"
4817,2022,2795,579048736,281474660,297574076,38,"2021-04-01",2021,"愛媛","Ehime"
2661,1174,1487,307482100,153327179,154154921,39,"2021-04-01",2021,"高知","Kochi"
21328,8754,12574,2715032674,1265721206,1449311468,40,"2021-04-01",2021,"福岡","Fukuoka"
2828,1112,1716,326767146,148275191,178491955,41,"2021-04-01",2021,"佐賀","Saga"
5220,2112,3108,570050034,263346403,306703631,42,"2021-04-01",2021,"長崎","Nagasaki"
6832,2822,4010,793673310,374819802,418853508,43,"2021-04-01",2021,"熊本","Kumamoto"
5080,2077,3003,580935084,275772117,305162967,44,"2021-04-01",2021,"大分","Oita"
4223,1646,2577,469808983,211958068,257850915,45,"2021-04-01",2021,"宮崎","Miyazaki"
6344,2553,3791,732550329,340604313,391946016,46,"2021-04-01",2021,"鹿児島","Kagoshima"
5643,2459,3184,687354160,332143380,355210780,47,"2021-04-01",2021,"沖縄","Okinawa"
432845,187902,244943,52419687180,25661084629,26758602551,99,"2021-05-01",2021,"全国","zenkoku"
21016,8180,12836,2415739768,1084054997,1331684771,1,"2021-05-01",2021,"北海道","Hokkaido"
5721,2338,3383,637434608,302309336,335125272,2,"2021-05-01",2021,"青森","Aomori"
4173,1715,2458,437943466,208185724,229757742,3,"2021-05-01",2021,"岩手","Iwate"
7970,3388,4582,914030277,442218767,471811510,4,"2021-05-01",2021,"宮城","Miyagi"
3751,1655,2096,407903436,206968072,200935364,5,"2021-05-01",2021,"秋田","Akita"
3765,1667,2098,404227775,198446390,205781385,6,"2021-05-01",2021,"山形","Yamagata"
6047,2704,3343,692518055,352289150,340228905,7,"2021-05-01",2021,"福島","Fukushima"
8099,3792,4307,998539917,534971296,463568621,8,"2021-05-01",2021,"茨城","Ibaraki"
5773,2671,3102,671835721,355697672,316138049,9,"2021-05-01",2021,"栃木","Tochigi"
5806,2742,3064,686529135,366889008,319640127,10,"2021-05-01",2021,"群馬","Gunma"
23621,11464,12157,3039326143,1636370037,1402956106,11,"2021-05-01",2021,"埼玉","Saitama"
18731,8843,9888,2478314935,1303594618,1174720317,12,"2021-05-01",2021,"千葉","Chiba"
44769,20002,24767,6140667236,2962863075,3177804161,13,"2021-05-01",2021,"東京","Tokyo"
27305,12900,14405,3629742547,1891036241,1738706306,14,"2021-05-01",2021,"神奈川","Kanagawa"
7595,3225,4370,851113311,411001880,440111431,15,"2021-05-01",2021,"新潟","Niigata"
2946,1251,1695,331837957,160909334,170928623,16,"2021-05-01",2021,"富山","Toyama"
3659,1441,2218,418985089,185794593,233190496,17,"2021-05-01",2021,"石川","Ishikawa"
2214,939,1275,238346523,113274321,125072202,18,"2021-05-01",2021,"福井","Fukui"
2589,1157,1432,307046913,154699223,152347690,19,"2021-05-01",2021,"山梨","Yamanashi"
6987,3110,3877,799867882,404138795,395729087,20,"2021-05-01",2021,"長野","Nagano"
6342,2829,3513,726171923,364003327,362168596,21,"2021-05-01",2021,"岐阜","Gifu"
12079,5469,6610,1445403292,741143557,704259735,22,"2021-05-01",2021,"静岡","Shizuoka"
24971,11244,13727,3146683230,1590368162,1556315068,23,"2021-05-01",2021,"愛知","Aichi"
6240,2779,3461,724443709,362595827,361847882,24,"2021-05-01",2021,"三重","Mie"
5280,2225,3055,613965034,301532612,312432422,25,"2021-05-01",2021,"滋賀","Shiga"
9808,4075,5733,1223109198,578105279,645003919,26,"2021-05-01",2021,"京都","Kyoto"
32695,13869,18826,4088616642,1932094746,2156521896,27,"2021-05-01",2021,"大阪","Osaka"
19681,8283,11398,2401843188,1141418499,1260424689,28,"2021-05-01",2021,"兵庫","Hyogo"
4079,1872,2207,488733697,255669320,233064377,29,"2021-05-01",2021,"奈良","Nara"
3345,1386,1959,380584198,182449263,198134935,30,"2021-05-01",2021,"和歌山","Wakayama"
2044,873,1171,211318988,99794112,111524876,31,"2021-05-01",2021,"鳥取","Tottori"
2425,1000,1425,259660997,119721261,139939736,32,"2021-05-01",2021,"島根","Shimane"
6678,2820,3858,752502695,361112013,391390682,33,"2021-05-01",2021,"岡山","Okayama"
10097,4030,6067,1160722149,532146496,628575653,34,"2021-05-01",2021,"広島","Hiroshima"
3980,1587,2393,461957546,214545258,247412288,35,"2021-05-01",2021,"山口","Yamaguchi"
2618,1061,1557,289593434,131183327,158410107,36,"2021-05-01",2021,"徳島","Tokushima"
3224,1353,1871,364352229,177761208,186591021,37,"2021-05-01",2021,"香川","Kagawa"
4537,1874,2663,500354281,239526867,260827414,38,"2021-05-01",2021,"愛媛","Ehime"
2796,1182,1614,309100820,148087626,161013194,39,"2021-05-01",2021,"高知","Kochi"
20950,8276,12674,2461239905,1106289823,1354950082,40,"2021-05-01",2021,"福岡","Fukuoka"
3053,1157,1896,325770438,142508953,183261485,41,"2021-05-01",2021,"佐賀","Saga"
4981,1976,3005,508372287,232990132,275382155,42,"2021-05-01",2021,"長崎","Nagasaki"
6962,2810,4152,745096081,345953048,399143033,43,"2021-05-01",2021,"熊本","Kumamoto"
5206,2084,3122,571858415,266591891,305266524,44,"2021-05-01",2021,"大分","Oita"
4275,1613,2662,456285583,199320201,256965382,45,"2021-05-01",2021,"宮崎","Miyazaki"
6299,2517,3782,685246145,318194622,367051523,46,"2021-05-01",2021,"鹿児島","Kagoshima"
5663,2474,3189,614750382,300264670,314485712,47,"2021-05-01",2021,"沖縄","Okinawa"
477573,205762,271811,64203715753,31322348063,32881367690,99,"2021-06-01",2021,"全国","zenkoku"
22766,8672,14094,2828416647,1242486534,1585930113,1,"2021-06-01",2021,"北海道","Hokkaido"
5848,2374,3474,678347153,320896439,357450714,2,"2021-06-01",2021,"青森","Aomori"
4610,1924,2686,552893243,265534350,287358893,3,"2021-06-01",2021,"岩手","Iwate"
8992,3714,5278,1169438967,549210075,620228892,4,"2021-06-01",2021,"宮城","Miyagi"
3914,1674,2240,479120318,232629589,246490729,5,"2021-06-01",2021,"秋田","Akita"
4295,1824,2471,537821490,256386301,281435189,6,"2021-06-01",2021,"山形","Yamagata"
7143,3166,3977,950456994,479646593,470810401,7,"2021-06-01",2021,"福島","Fukushima"
9025,4148,4877,1233781283,642544002,591237281,8,"2021-06-01",2021,"茨城","Ibaraki"
6859,3177,3682,913353696,481062909,432290787,9,"2021-06-01",2021,"栃木","Tochigi"
6474,3007,3467,851896481,444977907,406918574,10,"2021-06-01",2021,"群馬","Gunma"
25958,12452,13506,3738795698,2007049163,1731746535,11,"2021-06-01",2021,"埼玉","Saitama"
21169,9896,11273,3098751706,1633880463,1464871243,12,"2021-06-01",2021,"千葉","Chiba"
50056,22430,27626,7637010618,3712871411,3924139207,13,"2021-06-01",2021,"東京","Tokyo"
31039,14638,16401,4657148022,2443500483,2213647539,14,"2021-06-01",2021,"神奈川","Kanagawa"
8092,3334,4758,1007334591,472432165,534902426,15,"2021-06-01",2021,"新潟","Niigata"
3268,1377,1891,417329197,199303484,218025713,16,"2021-06-01",2021,"富山","Toyama"
4222,1647,2575,561178470,255198099,305980371,17,"2021-06-01",2021,"石川","Ishikawa"
2517,1031,1486,316519211,146554231,169964980,18,"2021-06-01",2021,"福井","Fukui"
2721,1192,1529,358129069,178517572,179611497,19,"2021-06-01",2021,"山梨","Yamanashi"
7691,3338,4353,962206773,479968137,482238636,20,"2021-06-01",2021,"長野","Nagano"
6750,2952,3798,846720253,413142946,433577307,21,"2021-06-01",2021,"岐阜","Gifu"
12877,5793,7084,1668635873,852189098,816446775,22,"2021-06-01",2021,"静岡","Shizuoka"
26239,11672,14567,3588462564,1817122425,1771340139,23,"2021-06-01",2021,"愛知","Aichi"
6834,3044,3790,896485733,454106713,442379020,24,"2021-06-01",2021,"三重","Mie"
5678,2404,3274,727272001,352843780,374428221,25,"2021-06-01",2021,"滋賀","Shiga"
10158,4220,5938,1352125916,634404908,717721008,26,"2021-06-01",2021,"京都","Kyoto"
35754,15207,20547,4873446829,2334011474,2539435355,27,"2021-06-01",2021,"大阪","Osaka"
21772,9146,12626,2977475200,1429424863,1548050337,28,"2021-06-01",2021,"兵庫","Hyogo"
4485,2006,2479,588524512,298969516,289554996,29,"2021-06-01",2021,"奈良","Nara"
3487,1430,2057,419856308,199538707,220317601,30,"2021-06-01",2021,"和歌山","Wakayama"
2284,956,1328,277215997,126445204,150770793,31,"2021-06-01",2021,"鳥取","Tottori"
2714,1080,1634,320825614,142641904,178183710,32,"2021-06-01",2021,"島根","Shimane"
7418,3159,4259,902877228,436449932,466427296,33,"2021-06-01",2021,"岡山","Okayama"
10746,4255,6491,1359124806,609154826,749969980,34,"2021-06-01",2021,"広島","Hiroshima"
4427,1721,2706,569474405,258806185,310668220,35,"2021-06-01",2021,"山口","Yamaguchi"
2891,1198,1693,361214533,168774941,192439592,36,"2021-06-01",2021,"徳島","Tokushima"
3604,1506,2098,427613668,201776726,225836942,37,"2021-06-01",2021,"香川","Kagawa"
5133,2120,3013,638498903,301210507,337288396,38,"2021-06-01",2021,"愛媛","Ehime"
3088,1295,1793,375469841,175962258,199507583,39,"2021-06-01",2021,"高知","Kochi"
23296,9214,14082,3085633439,1394867194,1690766245,40,"2021-06-01",2021,"福岡","Fukuoka"
3355,1285,2070,405226650,177267685,227958965,41,"2021-06-01",2021,"佐賀","Saga"
5879,2299,3580,705182606,316552786,388629820,42,"2021-06-01",2021,"長崎","Nagasaki"
8028,3182,4846,1007557421,461854570,545702851,43,"2021-06-01",2021,"熊本","Kumamoto"
5732,2268,3464,671715605,307642472,364073133,44,"2021-06-01",2021,"大分","Oita"
4836,1839,2997,576560472,257620548,318939924,45,"2021-06-01",2021,"宮崎","Miyazaki"
7116,2790,4326,855905360,388211599,467693761,46,"2021-06-01",2021,"鹿児島","Kagoshima"
6333,2706,3627,774684389,366704389,407980000,47,"2021-06-01",2021,"沖縄","Okinawa"
485281,205715,279566,61818743176,29525959208,32292783968,99,"2021-07-01",2021,"全国","zenkoku"
23166,8639,14527,2778405311,1187839552,1590565759,1,"2021-07-01",2021,"北海道","Hokkaido"
6132,2470,3662,710420884,326838620,383582264,2,"2021-07-01",2021,"青森","Aomori"
4673,1935,2738,533254245,249372124,283882121,3,"2021-07-01",2021,"岩手","Iwate"
9029,3662,5367,1091756079,507287157,584468922,4,"2021-07-01",2021,"宮城","Miyagi"
3984,1684,2300,464630514,221883875,242746639,5,"2021-07-01",2021,"秋田","Akita"
4166,1749,2417,521525543,243078960,278446583,6,"2021-07-01",2021,"山形","Yamagata"
7071,3123,3948,855836014,421584198,434251816,7,"2021-07-01",2021,"福島","Fukushima"
9349,4261,5088,1209694181,627973009,581721172,8,"2021-07-01",2021,"茨城","Ibaraki"
6982,3183,3799,871949400,451475153,420474247,9,"2021-07-01",2021,"栃木","Tochigi"
6570,2945,3625,809944165,409781811,400162354,10,"2021-07-01",2021,"群馬","Gunma"
26220,12383,13837,3513616905,1855931017,1657685888,11,"2021-07-01",2021,"埼玉","Saitama"
21194,9899,11295,2913248200,1511983467,1401264733,12,"2021-07-01",2021,"千葉","Chiba"
50194,22218,27976,7209106567,3447537572,3761568995,13,"2021-07-01",2021,"東京","Tokyo"
31329,14598,16731,4449963260,2296169682,2153793578,14,"2021-07-01",2021,"神奈川","Kanagawa"
8315,3387,4928,1000020856,462064617,537956239,15,"2021-07-01",2021,"新潟","Niigata"
3366,1352,2014,418641539,188583762,230057777,16,"2021-07-01",2021,"富山","Toyama"
4250,1634,2616,514015167,226737472,287277695,17,"2021-07-01",2021,"石川","Ishikawa"
2572,1034,1538,294357690,134801743,159555947,18,"2021-07-01",2021,"福井","Fukui"
2763,1194,1569,348279766,170822612,177457154,19,"2021-07-01",2021,"山梨","Yamanashi"
7787,3376,4411,964864368,469201106,495663262,20,"2021-07-01",2021,"長野","Nagano"
6832,2902,3930,812997706,392437352,420560354,21,"2021-07-01",2021,"岐阜","Gifu"
13185,5841,7344,1653410550,828487349,824923201,22,"2021-07-01",2021,"静岡","Shizuoka"
26497,11655,14842,3575994817,1769303695,1806691122,23,"2021-07-01",2021,"愛知","Aichi"
6872,3026,3846,841705798,419725944,421979854,24,"2021-07-01",2021,"三重","Mie"
5579,2319,3260,675612186,325723160,349889026,25,"2021-07-01",2021,"滋賀","Shiga"
10407,4219,6188,1303018288,597411527,705606761,26,"2021-07-01",2021,"京都","Kyoto"
36575,15101,21474,4728344663,2183475443,2544869220,27,"2021-07-01",2021,"大阪","Osaka"
22079,9176,12903,2835539754,1340591730,1494948024,28,"2021-07-01",2021,"兵庫","Hyogo"
4696,2094,2602,589333041,298609476,290723565,29,"2021-07-01",2021,"奈良","Nara"
3655,1449,2206,417132593,193072978,224059615,30,"2021-07-01",2021,"和歌山","Wakayama"
2346,968,1378,271232598,124446888,146785710,31,"2021-07-01",2021,"鳥取","Tottori"
2709,1083,1626,313419152,136675552,176743600,32,"2021-07-01",2021,"島根","Shimane"
7598,3203,4395,893184314,415270019,477914295,33,"2021-07-01",2021,"岡山","Okayama"
11050,4243,6807,1321741564,577063941,744677623,34,"2021-07-01",2021,"広島","Hiroshima"
4576,1717,2859,547631591,242097173,305534418,35,"2021-07-01",2021,"山口","Yamaguchi"
2904,1245,1659,328779986,156773187,172006799,36,"2021-07-01",2021,"徳島","Tokushima"
3774,1523,2251,441688672,200530123,241158549,37,"2021-07-01",2021,"香川","Kagawa"
5459,2206,3253,627986320,290941629,337044691,38,"2021-07-01",2021,"愛媛","Ehime"
3176,1284,1892,370118428,169328851,200789577,39,"2021-07-01",2021,"高知","Kochi"
23888,9269,14619,2922832204,1288367066,1634465138,40,"2021-07-01",2021,"福岡","Fukuoka"
3552,1323,2229,421434045,181483678,239950367,41,"2021-07-01",2021,"佐賀","Saga"
6158,2348,3810,673782238,297879669,375902569,42,"2021-07-01",2021,"長崎","Nagasaki"
7960,3107,4853,950138852,424350522,525788330,43,"2021-07-01",2021,"熊本","Kumamoto"
5767,2224,3543,683673965,303205109,380468856,44,"2021-07-01",2021,"大分","Oita"
4921,1859,3062,540458804,234527513,305931291,45,"2021-07-01",2021,"宮崎","Miyazaki"
7379,2812,4567,844975075,367353416,477621659,46,"2021-07-01",2021,"鹿児島","Kagoshima"
6575,2793,3782,759045318,355878709,403166609,47,"2021-07-01",2021,"沖縄","Okinawa"
490102,208310,281792,64191221672,30683216598,33508005074,99,"2021-08-01",2021,"全国","zenkoku"
23309,8650,14659,2876151326,1216214685,1659936641,1,"2021-08-01",2021,"北海道","Hokkaido"
6154,2462,3692,680223521,315789427,364434094,2,"2021-08-01",2021,"青森","Aomori"
4751,1973,2778,556862499,259571296,297291203,3,"2021-08-01",2021,"岩手","Iwate"
9272,3805,5467,1186010949,556939858,629071091,4,"2021-08-01",2021,"宮城","Miyagi"
4022,1689,2333,474315895,222545370,251770525,5,"2021-08-01",2021,"秋田","Akita"
4013,1667,2346,481360226,223666451,257693775,6,"2021-08-01",2021,"山形","Yamagata"
7282,3271,4011,937129930,469113284,468016646,7,"2021-08-01",2021,"福島","Fukushima"
9415,4278,5137,1249394005,647820852,601573153,8,"2021-08-01",2021,"茨城","Ibaraki"
6938,3184,3754,895757473,457571430,438186043,9,"2021-08-01",2021,"栃木","Tochigi"
6631,2977,3654,857776599,429372324,428404275,10,"2021-08-01",2021,"群馬","Gunma"
26301,12512,13789,3585632493,1887890801,1697741692,11,"2021-08-01",2021,"埼玉","Saitama"
21501,10027,11474,3071321459,1595375256,1475946203,12,"2021-08-01",2021,"千葉","Chiba"
51200,22514,28686,7633834999,3650871976,3982963023,13,"2021-08-01",2021,"東京","Tokyo"
31635,14578,17057,4584122341,2343499038,2240623303,14,"2021-08-01",2021,"神奈川","Kanagawa"
8319,3428,4891,1015636541,473583863,542052678,15,"2021-08-01",2021,"新潟","Niigata"
3323,1321,2002,407420411,183967446,223452965,16,"2021-08-01",2021,"富山","Toyama"
4507,1812,2695,569432764,259323214,310109550,17,"2021-08-01",2021,"石川","Ishikawa"
2596,1059,1537,311260946,142968863,168292083,18,"2021-08-01",2021,"福井","Fukui"
2758,1221,1537,348117655,172447815,175669840,19,"2021-08-01",2021,"山梨","Yamanashi"
7743,3361,4382,959108842,471401284,487707558,20,"2021-08-01",2021,"長野","Nagano"
6837,2975,3862,842275720,412974539,429301181,21,"2021-08-01",2021,"岐阜","Gifu"
13113,5838,7275,1675816240,838923293,836892947,22,"2021-08-01",2021,"静岡","Shizuoka"
26866,11896,14970,3539285488,1746395592,1792889896,23,"2021-08-01",2021,"愛知","Aichi"
6732,3008,3724,860363871,435961680,424402191,24,"2021-08-01",2021,"三重","Mie"
5636,2356,3280,690632760,331205975,359426785,25,"2021-08-01",2021,"滋賀","Shiga"
10580,4246,6334,1358120525,611896578,746223947,26,"2021-08-01",2021,"京都","Kyoto"
37014,15410,21604,5005938253,2353039960,2652898293,27,"2021-08-01",2021,"大阪","Osaka"
22329,9336,12993,2937602902,1390770401,1546832501,28,"2021-08-01",2021,"兵庫","Hyogo"
4756,2097,2659,632873013,320063746,312809267,29,"2021-08-01",2021,"奈良","Nara"
3614,1465,2149,433863303,203375737,230487566,30,"2021-08-01",2021,"和歌山","Wakayama"
2398,1026,1372,277278137,130694819,146583318,31,"2021-08-01",2021,"鳥取","Tottori"
2746,1079,1667,313617192,136380463,177236729,32,"2021-08-01",2021,"島根","Shimane"
7459,3179,4280,901721698,431812366,469909332,33,"2021-08-01",2021,"岡山","Okayama"
11211,4303,6908,1379730028,602305563,777424465,34,"2021-08-01",2021,"広島","Hiroshima"
4682,1777,2905,583724093,254145476,329578617,35,"2021-08-01",2021,"山口","Yamaguchi"
2878,1239,1639,348900886,164881009,184019877,36,"2021-08-01",2021,"徳島","Tokushima"
3726,1533,2193,457319591,211824377,245495214,37,"2021-08-01",2021,"香川","Kagawa"
5465,2199,3266,666806116,303492261,363313855,38,"2021-08-01",2021,"愛媛","Ehime"
3245,1313,1932,394983110,176272384,218710726,39,"2021-08-01",2021,"高知","Kochi"
24467,9545,14922,3182495911,1409255479,1773240432,40,"2021-08-01",2021,"福岡","Fukuoka"
3621,1336,2285,431940536,183146877,248793659,41,"2021-08-01",2021,"佐賀","Saga"
6146,2389,3757,706155609,312093783,394061826,42,"2021-08-01",2021,"長崎","Nagasaki"
7953,3125,4828,940769017,420399570,520369447,43,"2021-08-01",2021,"熊本","Kumamoto"
5621,2188,3433,658376571,289828714,368547857,44,"2021-08-01",2021,"大分","Oita"
5054,1912,3142,587229889,253787799,333442090,45,"2021-08-01",2021,"宮崎","Miyazaki"
7484,2843,4641,884542080,390154911,494387169,46,"2021-08-01",2021,"鹿児島","Kagoshima"
6799,2908,3891,817988259,388198713,429789546,47,"2021-08-01",2021,"沖縄","Okinawa"
467208,200322,266886,62354340018,29976230153,32378109865,99,"2021-09-01",2021,"全国","zenkoku"
22200,8294,13906,2802635855,1185843075,1616792780,1,"2021-09-01",2021,"北海道","Hokkaido"
5867,2384,3483,722549221,341320108,381229113,2,"2021-09-01",2021,"青森","Aomori"
4497,1859,2638,547482141,252794648,294687493,3,"2021-09-01",2021,"岩手","Iwate"
8786,3678,5108,1135260651,539804062,595456589,4,"2021-09-01",2021,"宮城","Miyagi"
3820,1615,2205,445309942,208904513,236405429,5,"2021-09-01",2021,"秋田","Akita"
3634,1529,2105,448617308,210818947,237798361,6,"2021-09-01",2021,"山形","Yamagata"
6854,3079,3775,907459960,456146591,451313369,7,"2021-09-01",2021,"福島","Fukushima"
9067,4158,4909,1261317398,656430210,604887188,8,"2021-09-01",2021,"茨城","Ibaraki"
6738,3138,3600,879008572,454373804,424634768,9,"2021-09-01",2021,"栃木","Tochigi"
6367,2877,3490,821735763,413931710,407804053,10,"2021-09-01",2021,"群馬","Gunma"
25227,12060,13167,3601396233,1912418165,1688978068,11,"2021-09-01",2021,"埼玉","Saitama"
20780,9769,11011,2983638108,1545095891,1438542217,12,"2021-09-01",2021,"千葉","Chiba"
48784,21666,27118,7294921919,3518373699,3776548220,13,"2021-09-01",2021,"東京","Tokyo"
30160,13931,16229,4340877328,2222011872,2118865456,14,"2021-09-01",2021,"神奈川","Kanagawa"
7747,3315,4432,962251501,467097000,495154501,15,"2021-09-01",2021,"新潟","Niigata"
3253,1305,1948,408854589,181835698,227018891,16,"2021-09-01",2021,"富山","Toyama"
4281,1744,2537,562253665,260308916,301944749,17,"2021-09-01",2021,"石川","Ishikawa"
2511,1063,1448,308427865,146970773,161457092,18,"2021-09-01",2021,"福井","Fukui"
2590,1143,1447,349688519,173612930,176075589,19,"2021-09-01",2021,"山梨","Yamanashi"
7296,3162,4134,919813920,451172305,468641615,20,"2021-09-01",2021,"長野","Nagano"
6607,2909,3698,830111721,405046105,425065616,21,"2021-09-01",2021,"岐阜","Gifu"
12740,5736,7004,1655314144,834493418,820820726,22,"2021-09-01",2021,"静岡","Shizuoka"
25500,11433,14067,3553461374,1771194464,1782266910,23,"2021-09-01",2021,"愛知","Aichi"
6539,2950,3589,848986266,430729022,418257244,24,"2021-09-01",2021,"三重","Mie"
5432,2322,3110,713351201,347205922,366145279,25,"2021-09-01",2021,"滋賀","Shiga"
10025,4110,5915,1331506598,612565623,718940975,26,"2021-09-01",2021,"京都","Kyoto"
35499,14808,20691,4817636749,2218210784,2599425965,27,"2021-09-01",2021,"大阪","Osaka"
21364,8976,12388,2893236783,1383551414,1509685369,28,"2021-09-01",2021,"兵庫","Hyogo"
4608,2018,2590,591587883,292701080,298886803,29,"2021-09-01",2021,"奈良","Nara"
3482,1461,2021,418988094,202648675,216339419,30,"2021-09-01",2021,"和歌山","Wakayama"
2281,983,1298,270638482,127590463,143048019,31,"2021-09-01",2021,"鳥取","Tottori"
2565,997,1568,310071723,132406732,177664991,32,"2021-09-01",2021,"島根","Shimane"
7181,3071,4110,898973244,425305140,473668104,33,"2021-09-01",2021,"岡山","Okayama"
10754,4171,6583,1387509578,611321926,776187652,34,"2021-09-01",2021,"広島","Hiroshima"
4559,1755,2804,576547641,257549459,318998182,35,"2021-09-01",2021,"山口","Yamaguchi"
2669,1184,1485,337882386,168086630,169795756,36,"2021-09-01",2021,"徳島","Tokushima"
3583,1484,2099,434195450,205737585,228457865,37,"2021-09-01",2021,"香川","Kagawa"
5249,2109,3140,634169759,289004739,345165020,38,"2021-09-01",2021,"愛媛","Ehime"
3051,1257,1794,368116912,168724357,199392555,39,"2021-09-01",2021,"高知","Kochi"
22875,8978,13897,2959396441,1324422207,1634974234,40,"2021-09-01",2021,"福岡","Fukuoka"
3374,1277,2097,392653778,168995178,223658600,41,"2021-09-01",2021,"佐賀","Saga"
5869,2285,3584,694619824,312628095,381991729,42,"2021-09-01",2021,"長崎","Nagasaki"
7503,2973,4530,917290449,413217838,504072611,43,"2021-09-01",2021,"熊本","Kumamoto"
5334,2048,3286,620251742,275195882,345055860,44,"2021-09-01",2021,"大分","Oita"
4802,1844,2958,576892235,255561753,321330482,45,"2021-09-01",2021,"宮崎","Miyazaki"
6937,2677,4260,822892946,363107589,459785357,46,"2021-09-01",2021,"鹿児島","Kagoshima"
6367,2737,3630,794556157,379763156,414793001,47,"2021-09-01",2021,"沖縄","Okinawa"
438582,189750,248832,54585606338,26357465310,28228141028,99,"2021-10-01",2021,"全国","zenkoku"
20664,7833,12831,2388425662,1025681930,1362743732,1,"2021-10-01",2021,"北海道","Hokkaido"
5435,2214,3221,597697873,281348111,316349762,2,"2021-10-01",2021,"青森","Aomori"
4221,1728,2493,454954718,211073425,243881293,3,"2021-10-01",2021,"岩手","Iwate"
8341,3536,4805,998418195,477954606,520463589,4,"2021-10-01",2021,"宮城","Miyagi"
3474,1470,2004,379505600,179875138,199630462,5,"2021-10-01",2021,"秋田","Akita"
3234,1403,1831,363238394,176296286,186942108,6,"2021-10-01",2021,"山形","Yamagata"
6484,2893,3591,803744291,398185314,405558977,7,"2021-10-01",2021,"福島","Fukushima"
8580,3983,4597,1069960964,562704397,507256567,8,"2021-10-01",2021,"茨城","Ibaraki"
6395,3052,3343,803157528,425111239,378046289,9,"2021-10-01",2021,"栃木","Tochigi"
5908,2728,3180,692638761,357504776,335133985,10,"2021-10-01",2021,"群馬","Gunma"
23733,11442,12291,3072380425,1628397404,1443983021,11,"2021-10-01",2021,"埼玉","Saitama"
19740,9287,10453,2672773781,1382853947,1289919834,12,"2021-10-01",2021,"千葉","Chiba"
46144,20669,25475,6595955579,3156607484,3439348095,13,"2021-10-01",2021,"東京","Tokyo"
28571,13299,15272,4078957521,2077175042,2001782479,14,"2021-10-01",2021,"神奈川","Kanagawa"
7170,3099,4071,842751165,411363451,431387714,15,"2021-10-01",2021,"新潟","Niigata"
3000,1238,1762,346452745,157967811,188484934,16,"2021-10-01",2021,"富山","Toyama"
3803,1527,2276,459464035,209373851,250090184,17,"2021-10-01",2021,"石川","Ishikawa"
2291,972,1319,258424100,124104701,134319399,18,"2021-10-01",2021,"福井","Fukui"
2433,1093,1340,304745805,153218213,151527592,19,"2021-10-01",2021,"山梨","Yamanashi"
7018,3062,3956,831338476,406120734,425217742,20,"2021-10-01",2021,"長野","Nagano"
6339,2856,3483,734698634,371523767,363174867,21,"2021-10-01",2021,"岐阜","Gifu"
12262,5542,6720,1512240144,759624581,752615563,22,"2021-10-01",2021,"静岡","Shizuoka"
24104,10774,13330,3059071994,1524958416,1534113578,23,"2021-10-01",2021,"愛知","Aichi"
6186,2756,3430,719233188,363938582,355294606,24,"2021-10-01",2021,"三重","Mie"
5056,2207,2849,605637674,299411796,306225878,25,"2021-10-01",2021,"滋賀","Shiga"
9363,3893,5470,1140955080,529446944,611508136,26,"2021-10-01",2021,"京都","Kyoto"
33827,14212,19615,4415580542,2050892001,2364688541,27,"2021-10-01",2021,"大阪","Osaka"
20107,8427,11680,2463385605,1161507818,1301877787,28,"2021-10-01",2021,"兵庫","Hyogo"
4347,1911,2436,531926466,263143288,268783178,29,"2021-10-01",2021,"奈良","Nara"
3205,1394,1811,361465224,180606913,180858311,30,"2021-10-01",2021,"和歌山","Wakayama"
2130,911,1219,242644755,114865213,127779542,31,"2021-10-01",2021,"鳥取","Tottori"
2278,949,1329,245833327,111339582,134493745,32,"2021-10-01",2021,"島根","Shimane"
6642,2863,3779,752776833,362358216,390418617,33,"2021-10-01",2021,"岡山","Okayama"
10031,3934,6097,1137319431,505847767,631471664,34,"2021-10-01",2021,"広島","Hiroshima"
4286,1658,2628,491455863,221403922,270051941,35,"2021-10-01",2021,"山口","Yamaguchi"
2481,1141,1340,283019603,144043892,138975711,36,"2021-10-01",2021,"徳島","Tokushima"
3262,1376,1886,386092922,183126325,202966597,37,"2021-10-01",2021,"香川","Kagawa"
4904,1977,2927,540701259,247775162,292926097,38,"2021-10-01",2021,"愛媛","Ehime"
2784,1144,1640,307871643,140225918,167645725,39,"2021-10-01",2021,"高知","Kochi"
21379,8427,12952,2535030756,1143203496,1391827260,40,"2021-10-01",2021,"福岡","Fukuoka"
3078,1198,1880,342063450,156585810,185477640,41,"2021-10-01",2021,"佐賀","Saga"
5385,2151,3234,583767621,265898599,317869022,42,"2021-10-01",2021,"長崎","Nagasaki"
6756,2755,4001,751178325,341952121,409226204,43,"2021-10-01",2021,"熊本","Kumamoto"
4924,1924,3000,541604220,240745978,300858242,44,"2021-10-01",2021,"大分","Oita"
4461,1777,2684,482803241,221543421,261259820,45,"2021-10-01",2021,"宮崎","Miyazaki"
6419,2496,3923,714343663,320454558,393889105,46,"2021-10-01",2021,"鹿児島","Kagoshima"
5947,2569,3378,687919257,328123364,359795893,47,"2021-10-01",2021,"沖縄","Okinawa"
426570,187034,239536,53809070583,26463260420,27345810163,99,"2021-11-01",2021,"全国","zenkoku"
20561,7947,12614,2474088113,1087701439,1386386674,1,"2021-11-01",2021,"北海道","Hokkaido"
5277,2172,3105,594315196,278444941,315870255,2,"2021-11-01",2021,"青森","Aomori"
4087,1737,2350,450008063,217117521,232890542,3,"2021-11-01",2021,"岩手","Iwate"
7976,3413,4563,983374340,473693942,509680398,4,"2021-11-01",2021,"宮城","Miyagi"
3399,1461,1938,376892630,184303187,192589443,5,"2021-11-01",2021,"秋田","Akita"
3169,1404,1765,352365416,173367273,178998143,6,"2021-11-01",2021,"山形","Yamagata"
6120,2730,3390,752661018,376910348,375750670,7,"2021-11-01",2021,"福島","Fukushima"
8700,4139,4561,1124299477,602817942,521481535,8,"2021-11-01",2021,"茨城","Ibaraki"
6179,2975,3204,757411901,411576241,345835660,9,"2021-11-01",2021,"栃木","Tochigi"
5837,2706,3131,708597608,367847537,340750071,10,"2021-11-01",2021,"群馬","Gunma"
23284,11369,11915,3072028426,1660959567,1411068859,11,"2021-11-01",2021,"埼玉","Saitama"
19103,9120,9983,2647575390,1399888682,1247686708,12,"2021-11-01",2021,"千葉","Chiba"
44296,19950,24346,6473654043,3143474501,3330179542,13,"2021-11-01",2021,"東京","Tokyo"
26730,12618,14112,3681958089,1912178795,1769779294,14,"2021-11-01",2021,"神奈川","Kanagawa"
6843,3017,3826,806670025,396719346,409950679,15,"2021-11-01",2021,"新潟","Niigata"
3023,1303,1720,354011334,169360020,184651314,16,"2021-11-01",2021,"富山","Toyama"
3732,1505,2227,457431646,207179845,250251801,17,"2021-11-01",2021,"石川","Ishikawa"
2194,937,1257,258032691,124736204,133296487,18,"2021-11-01",2021,"福井","Fukui"
2314,1052,1262,279211958,141981539,137230419,19,"2021-11-01",2021,"山梨","Yamanashi"
6772,2899,3873,793685420,388238379,405447041,20,"2021-11-01",2021,"長野","Nagano"
6098,2721,3377,738221335,375189500,363031835,21,"2021-11-01",2021,"岐阜","Gifu"
11481,5273,6208,1398633001,718174006,680458995,22,"2021-11-01",2021,"静岡","Shizuoka"
23761,10666,13095,3027682099,1509240225,1518441874,23,"2021-11-01",2021,"愛知","Aichi"
6185,2811,3374,753035480,388474627,364560853,24,"2021-11-01",2021,"三重","Mie"
5055,2218,2837,602414822,297370465,305044357,25,"2021-11-01",2021,"滋賀","Shiga"
9134,3831,5303,1142939273,542949669,599989604,26,"2021-11-01",2021,"京都","Kyoto"
32473,13996,18477,4191186093,2034358144,2156827949,27,"2021-11-01",2021,"大阪","Osaka"
19394,8247,11147,2433799161,1170850026,1262949135,28,"2021-11-01",2021,"兵庫","Hyogo"
4261,1901,2360,531703315,266660447,265042868,29,"2021-11-01",2021,"奈良","Nara"
3168,1376,1792,366437940,183733369,182704571,30,"2021-11-01",2021,"和歌山","Wakayama"
2000,860,1140,224267219,110025362,114241857,31,"2021-11-01",2021,"鳥取","Tottori"
2257,929,1328,250597200,115390292,135206908,32,"2021-11-01",2021,"島根","Shimane"
6777,3019,3758,792102082,400780838,391321244,33,"2021-11-01",2021,"岡山","Okayama"
10011,4100,5911,1191058900,550523976,640534924,34,"2021-11-01",2021,"広島","Hiroshima"
4253,1677,2576,513742960,236696997,277045963,35,"2021-11-01",2021,"山口","Yamaguchi"
2416,1127,1289,285970579,146391317,139579262,36,"2021-11-01",2021,"徳島","Tokushima"
3265,1396,1869,387821629,186327988,201493641,37,"2021-11-01",2021,"香川","Kagawa"
4703,1913,2790,544831676,255603222,289228454,38,"2021-11-01",2021,"愛媛","Ehime"
2716,1116,1600,317088270,143470069,173618201,39,"2021-11-01",2021,"高知","Kochi"
21138,8495,12643,2610929855,1194740103,1416189752,40,"2021-11-01",2021,"福岡","Fukuoka"
3146,1237,1909,357594568,162098781,195495787,41,"2021-11-01",2021,"佐賀","Saga"
5325,2170,3155,578984324,269124032,309860292,42,"2021-11-01",2021,"長崎","Nagasaki"
6727,2800,3927,760986464,361881666,399104798,43,"2021-11-01",2021,"熊本","Kumamoto"
4947,1976,2971,551854684,253198043,298656641,44,"2021-11-01",2021,"大分","Oita"
4446,1808,2638,490935375,231497026,259438349,45,"2021-11-01",2021,"宮崎","Miyazaki"
6378,2508,3870,720208166,325991388,394216778,46,"2021-11-01",2021,"鹿児島","Kagoshima"
5459,2409,3050,645771329,314021593,331749736,47,"2021-11-01",2021,"沖縄","Okinawa"
408782,179894,228888,50574335963,24911794269,25662541694,99,"2021-12-01",2021,"全国","zenkoku"
19071,7346,11725,2127266551,917792076,1209474475,1,"2021-12-01",2021,"北海道","Hokkaido"
5054,2110,2944,565497444,269901241,295596203,2,"2021-12-01",2021,"青森","Aomori"
3875,1658,2217,432800587,210835086,221965501,3,"2021-12-01",2021,"岩手","Iwate"
7856,3332,4524,923570207,444996461,478573746,4,"2021-12-01",2021,"宮城","Miyagi"
3064,1293,1771,332278959,162348820,169930139,5,"2021-12-01",2021,"秋田","Akita"
3012,1345,1667,344382571,170352146,174030425,6,"2021-12-01",2021,"山形","Yamagata"
6185,2816,3369,763352166,386349549,377002617,7,"2021-12-01",2021,"福島","Fukushima"
8174,3903,4271,1065964480,574428263,491536217,8,"2021-12-01",2021,"茨城","Ibaraki"
6157,3026,3131,780166218,429499978,350666240,9,"2021-12-01",2021,"栃木","Tochigi"
5554,2600,2954,668191066,349024840,319166226,10,"2021-12-01",2021,"群馬","Gunma"
22071,10815,11256,2876498633,1559303634,1317194999,11,"2021-12-01",2021,"埼玉","Saitama"
18646,8950,9696,2538317327,1345589575,1192727752,12,"2021-12-01",2021,"千葉","Chiba"
42553,19332,23221,5565206949,2718050451,2847156498,13,"2021-12-01",2021,"東京","Tokyo"
27049,12930,14119,3801646569,1989104867,1812541702,14,"2021-12-01",2021,"神奈川","Kanagawa"
6642,2873,3769,761574955,366050603,395524352,15,"2021-12-01",2021,"新潟","Niigata"
2859,1245,1614,337479502,162399738,175079764,16,"2021-12-01",2021,"富山","Toyama"
3603,1478,2125,413264976,188668118,224596858,17,"2021-12-01",2021,"石川","Ishikawa"
2195,919,1276,254607407,119800205,134807202,18,"2021-12-01",2021,"福井","Fukui"
2298,1039,1259,297170740,150630647,146540093,19,"2021-12-01",2021,"山梨","Yamanashi"
6582,2845,3737,784658595,381204676,403453919,20,"2021-12-01",2021,"長野","Nagano"
5811,2617,3194,687515037,349011836,338503201,21,"2021-12-01",2021,"岐阜","Gifu"
11199,5141,6058,1312113617,669694431,642419186,22,"2021-12-01",2021,"静岡","Shizuoka"
21790,9749,12041,2752885347,1384645038,1368240309,23,"2021-12-01",2021,"愛知","Aichi"
5961,2702,3259,724908492,376856243,348052249,24,"2021-12-01",2021,"三重","Mie"
4850,2118,2732,589018592,293549776,295468816,25,"2021-12-01",2021,"滋賀","Shiga"
8547,3563,4984,1053005223,490681890,562323333,26,"2021-12-01",2021,"京都","Kyoto"
31372,13525,17847,4038363702,1914854908,2123508794,27,"2021-12-01",2021,"大阪","Osaka"
18884,7969,10915,2385535173,1146671774,1238863399,28,"2021-12-01",2021,"兵庫","Hyogo"
3999,1784,2215,492172743,250256422,241916321,29,"2021-12-01",2021,"奈良","Nara"
2973,1327,1646,331198567,166758764,164439803,30,"2021-12-01",2021,"和歌山","Wakayama"
1873,797,1076,219431500,104980843,114450657,31,"2021-12-01",2021,"鳥取","Tottori"
2080,885,1195,232503094,106964799,125538295,32,"2021-12-01",2021,"島根","Shimane"
6443,2827,3616,756584923,369320343,387264580,33,"2021-12-01",2021,"岡山","Okayama"
9476,3881,5595,1116229602,525050547,591179055,34,"2021-12-01",2021,"広島","Hiroshima"
4088,1637,2451,488003981,228468357,259535624,35,"2021-12-01",2021,"山口","Yamaguchi"
2266,1094,1172,265730708,140979902,124750806,36,"2021-12-01",2021,"徳島","Tokushima"
3131,1340,1791,360091794,175500102,184591692,37,"2021-12-01",2021,"香川","Kagawa"
4468,1818,2650,512128983,239311045,272817938,38,"2021-12-01",2021,"愛媛","Ehime"
2516,1059,1457,287660149,133940100,153720049,39,"2021-12-01",2021,"高知","Kochi"
20169,8130,12039,2461758980,1140213328,1321545652,40,"2021-12-01",2021,"福岡","Fukuoka"
2878,1127,1751,311084118,136448777,174635341,41,"2021-12-01",2021,"佐賀","Saga"
4858,1987,2871,517759676,241638732,276120944,42,"2021-12-01",2021,"長崎","Nagasaki"
6395,2709,3686,757029643,361301369,395728274,43,"2021-12-01",2021,"熊本","Kumamoto"
4625,1861,2764,518508463,242188176,276320287,44,"2021-12-01",2021,"大分","Oita"
4189,1735,2454,467462995,221574812,245888183,45,"2021-12-01",2021,"宮崎","Miyazaki"
6058,2357,3701,658278803,295086523,363192280,46,"2021-12-01",2021,"鹿児島","Kagoshima"
5383,2300,3083,643476156,309514458,333961698,47,"2021-12-01",2021,"沖縄","Okinawa"
396398,176017,220381,52373706442,25981157566,26392548876,99,"2022-01-01",2022,"全国","zenkoku"
18970,7522,11448,2405656927,1081845987,1323810940,1,"2022-01-01",2022,"北海道","Hokkaido"
4746,2024,2722,538967448,262117099,276850349,2,"2022-01-01",2022,"青森","Aomori"
3750,1618,2132,424134604,206536754,217597850,3,"2022-01-01",2022,"岩手","Iwate"
7569,3241,4328,983977588,475404158,508573430,4,"2022-01-01",2022,"宮城","Miyagi"
3082,1292,1790,363969459,171231791,192737668,5,"2022-01-01",2022,"秋田","Akita"
3003,1339,1664,348697507,171455570,177241937,6,"2022-01-01",2022,"山形","Yamagata"
6042,2790,3252,777929289,397771415,380157874,7,"2022-01-01",2022,"福島","Fukushima"
7820,3745,4075,1033961983,557620328,476341655,8,"2022-01-01",2022,"茨城","Ibaraki"
5899,2890,3009,764460375,426138971,338321404,9,"2022-01-01",2022,"栃木","Tochigi"
5371,2564,2807,662812630,349471455,313341175,10,"2022-01-01",2022,"群馬","Gunma"
21943,10803,11140,2999921802,1624423321,1375498481,11,"2022-01-01",2022,"埼玉","Saitama"
17591,8452,9139,2458318552,1295179489,1163139063,12,"2022-01-01",2022,"千葉","Chiba"
41587,19015,22572,6607764753,3244026810,3363737943,13,"2022-01-01",2022,"東京","Tokyo"
25545,12354,13191,3744214289,1983391687,1760822602,14,"2022-01-01",2022,"神奈川","Kanagawa"
6407,2780,3627,812611415,392384829,420226586,15,"2022-01-01",2022,"新潟","Niigata"
2733,1200,1533,336174477,166972689,169201788,16,"2022-01-01",2022,"富山","Toyama"
3526,1446,2080,456170650,210647415,245523235,17,"2022-01-01",2022,"石川","Ishikawa"
2186,919,1267,252870647,118295237,134575410,18,"2022-01-01",2022,"福井","Fukui"
2206,1005,1201,275255624,139295022,135960602,19,"2022-01-01",2022,"山梨","Yamanashi"
6256,2752,3504,777173818,383291583,393882235,20,"2022-01-01",2022,"長野","Nagano"
5621,2492,3129,674553299,340313031,334240268,21,"2022-01-01",2022,"岐阜","Gifu"
11018,4999,6019,1440415329,732762019,707653310,22,"2022-01-01",2022,"静岡","Shizuoka"
21797,9809,11988,3033652405,1525772873,1507879532,23,"2022-01-01",2022,"愛知","Aichi"
5794,2642,3152,727365388,377248599,350116789,24,"2022-01-01",2022,"三重","Mie"
4713,2052,2661,572691021,286546091,286144930,25,"2022-01-01",2022,"滋賀","Shiga"
8224,3518,4706,1075897025,512742638,563154387,26,"2022-01-01",2022,"京都","Kyoto"
29859,13078,16781,4002427196,1951354380,2051072816,27,"2022-01-01",2022,"大阪","Osaka"
18292,7801,10491,2340475754,1126274468,1214201286,28,"2022-01-01",2022,"兵庫","Hyogo"
3859,1753,2106,496602653,254173886,242428767,29,"2022-01-01",2022,"奈良","Nara"
2919,1290,1629,343534621,177271386,166263235,30,"2022-01-01",2022,"和歌山","Wakayama"
1843,837,1006,209225240,102408633,106816607,31,"2022-01-01",2022,"鳥取","Tottori"
2014,851,1163,227520675,105931044,121589631,32,"2022-01-01",2022,"島根","Shimane"
6274,2807,3467,737228727,368184149,369044578,33,"2022-01-01",2022,"岡山","Okayama"
9235,3853,5382,1133098068,539927852,593170216,34,"2022-01-01",2022,"広島","Hiroshima"
3965,1632,2333,491844020,235146018,256698002,35,"2022-01-01",2022,"山口","Yamaguchi"
2211,1050,1161,277143348,148818802,128324546,36,"2022-01-01",2022,"徳島","Tokushima"
3060,1322,1738,373804086,184456552,189347534,37,"2022-01-01",2022,"香川","Kagawa"
4243,1745,2498,497605800,232981978,264623822,38,"2022-01-01",2022,"愛媛","Ehime"
2384,1012,1372,291771012,137381145,154389867,39,"2022-01-01",2022,"高知","Kochi"
19448,7962,11486,2455975797,1139819262,1316156535,40,"2022-01-01",2022,"福岡","Fukuoka"
2911,1176,1735,346011003,159248426,186762577,41,"2022-01-01",2022,"佐賀","Saga"
4925,2035,2890,599795789,280417353,319378436,42,"2022-01-01",2022,"長崎","Nagasaki"
6141,2627,3514,715403738,347509460,367894278,43,"2022-01-01",2022,"熊本","Kumamoto"
4573,1817,2756,522613255,238038032,284575223,44,"2022-01-01",2022,"大分","Oita"
4014,1654,2360,464230125,218917847,245312278,45,"2022-01-01",2022,"宮崎","Miyazaki"
5912,2330,3582,714753438,323088078,391665360,46,"2022-01-01",2022,"鹿児島","Kagoshima"
4917,2122,2795,583023793,276921954,306101839,47,"2022-01-01",2022,"沖縄","Okinawa"
376271,167770,208501,44751082714,22343647031,22407435683,99,"2022-02-01",2022,"全国","zenkoku"
18077,7276,10801,2028835797,928586996,1100248801,1,"2022-02-01",2022,"北海道","Hokkaido"
4642,2028,2614,495610568,248593827,247016741,2,"2022-02-01",2022,"青森","Aomori"
3493,1493,2000,367969555,180947794,187021761,3,"2022-02-01",2022,"岩手","Iwate"
7249,3111,4138,829727198,401936888,427790310,4,"2022-02-01",2022,"宮城","Miyagi"
2864,1208,1656,301775186,142029943,159745243,5,"2022-02-01",2022,"秋田","Akita"
2892,1268,1624,312568829,153622625,158946204,6,"2022-02-01",2022,"山形","Yamagata"
5681,2624,3057,665574394,347695271,317879123,7,"2022-02-01",2022,"福島","Fukushima"
7426,3523,3903,898631399,482641439,415989960,8,"2022-02-01",2022,"茨城","Ibaraki"
5620,2764,2856,660508143,369000096,291508047,9,"2022-02-01",2022,"栃木","Tochigi"
5086,2471,2615,598407072,327283209,271123863,10,"2022-02-01",2022,"群馬","Gunma"
20540,10154,10386,2573689596,1404687985,1169001611,11,"2022-02-01",2022,"埼玉","Saitama"
16888,8138,8750,2190484606,1163268213,1027216393,12,"2022-02-01",2022,"千葉","Chiba"
38634,17681,20953,5158290308,2534251357,2624038951,13,"2022-02-01",2022,"東京","Tokyo"
24678,11914,12764,3181349706,1677424570,1503925136,14,"2022-02-01",2022,"神奈川","Kanagawa"
6207,2752,3455,695943611,344454427,351489184,15,"2022-02-01",2022,"新潟","Niigata"
2552,1142,1410,296839753,148995057,147844696,16,"2022-02-01",2022,"富山","Toyama"
3385,1399,1986,392236057,182148689,210087368,17,"2022-02-01",2022,"石川","Ishikawa"
2041,844,1197,224766938,103793946,120972992,18,"2022-02-01",2022,"福井","Fukui"
2182,985,1197,253853663,126058368,127795295,19,"2022-02-01",2022,"山梨","Yamanashi"
5952,2609,3343,658133841,323656958,334476883,20,"2022-02-01",2022,"長野","Nagano"
5404,2403,3001,618204383,311537570,306666813,21,"2022-02-01",2022,"岐阜","Gifu"
10544,4782,5762,1212891642,615996289,596895353,22,"2022-02-01",2022,"静岡","Shizuoka"
20696,9279,11417,2522334824,1263255808,1259079016,23,"2022-02-01",2022,"愛知","Aichi"
5492,2556,2936,635263722,338176013,297087709,24,"2022-02-01",2022,"三重","Mie"
4514,1966,2548,517233569,255969419,261264150,25,"2022-02-01",2022,"滋賀","Shiga"
7692,3285,4407,922920963,443634097,479286866,26,"2022-02-01",2022,"京都","Kyoto"
28614,12594,16020,3487888586,1708878199,1779010387,27,"2022-02-01",2022,"大阪","Osaka"
17398,7548,9850,2061724641,1013152417,1048572224,28,"2022-02-01",2022,"兵庫","Hyogo"
3598,1645,1953,431288270,226132290,205155980,29,"2022-02-01",2022,"奈良","Nara"
2844,1278,1566,307737316,159833143,147904173,30,"2022-02-01",2022,"和歌山","Wakayama"
1706,767,939,181516839,92136675,89380164,31,"2022-02-01",2022,"鳥取","Tottori"
1868,795,1073,199436220,93720043,105716177,32,"2022-02-01",2022,"島根","Shimane"
5701,2569,3132,628487928,317337507,311150421,33,"2022-02-01",2022,"岡山","Okayama"
8706,3702,5004,991286680,481006955,510279725,34,"2022-02-01",2022,"広島","Hiroshima"
3758,1533,2225,424086141,199967083,224119058,35,"2022-02-01",2022,"山口","Yamaguchi"
2068,986,1082,237862671,126050747,111811924,36,"2022-02-01",2022,"徳島","Tokushima"
2815,1225,1590,314544995,153863285,160681710,37,"2022-02-01",2022,"香川","Kagawa"
4111,1709,2402,442607980,211545865,231062115,38,"2022-02-01",2022,"愛媛","Ehime"
2229,960,1269,248224944,119287055,128937889,39,"2022-02-01",2022,"高知","Kochi"
18639,7656,10983,2144055514,993028315,1151027199,40,"2022-02-01",2022,"福岡","Fukuoka"
2770,1126,1644,303355961,141726368,161629593,41,"2022-02-01",2022,"佐賀","Saga"
4618,1869,2749,488207978,231086201,257121777,42,"2022-02-01",2022,"長崎","Nagasaki"
5827,2543,3284,644601264,319439308,325161956,43,"2022-02-01",2022,"熊本","Kumamoto"
4242,1723,2519,450656410,211666963,238989447,44,"2022-02-01",2022,"大分","Oita"
3828,1570,2258,410091193,193992907,216098286,45,"2022-02-01",2022,"宮崎","Miyazaki"
5529,2133,3396,588615724,264062657,324553067,46,"2022-02-01",2022,"鹿児島","Kagoshima"
4971,2184,2787,550760136,266086194,284673942,47,"2022-02-01",2022,"沖縄","Okinawa"
377701,168936,208765,52288815842,26195107162,26093708680,99,"2022-03-01",2022,"全国","zenkoku"
18156,7461,10695,2367422846,1105531976,1261890870,1,"2022-03-01",2022,"北海道","Hokkaido"
4960,2207,2753,638448706,328473888,309974818,2,"2022-03-01",2022,"青森","Aomori"
3560,1556,2004,452064450,222173136,229891314,3,"2022-03-01",2022,"岩手","Iwate"
7300,3095,4205,975723989,470859152,504864837,4,"2022-03-01",2022,"宮城","Miyagi"
2957,1263,1694,355794689,170763217,185031472,5,"2022-03-01",2022,"秋田","Akita"
2885,1271,1614,379862826,186763213,193099613,6,"2022-03-01",2022,"山形","Yamagata"
5843,2743,3100,803194671,415333818,387860853,7,"2022-03-01",2022,"福島","Fukushima"
7308,3514,3794,1063606209,574679901,488926308,8,"2022-03-01",2022,"茨城","Ibaraki"
5598,2763,2835,779813733,435659157,344154576,9,"2022-03-01",2022,"栃木","Tochigi"
5127,2519,2608,723425641,394768016,328657625,10,"2022-03-01",2022,"群馬","Gunma"
20828,10242,10586,3064659246,1663837229,1400822017,11,"2022-03-01",2022,"埼玉","Saitama"
16800,8076,8724,2489056114,1329578890,1159477224,12,"2022-03-01",2022,"千葉","Chiba"
38775,17703,21072,5940275811,2910926336,3029349475,13,"2022-03-01",2022,"東京","Tokyo"
24327,11660,12667,3646545558,1906854595,1739690963,14,"2022-03-01",2022,"神奈川","Kanagawa"
6119,2739,3380,779412657,390580778,388831879,15,"2022-03-01",2022,"新潟","Niigata"
2610,1175,1435,351406207,174227522,177178685,16,"2022-03-01",2022,"富山","Toyama"
3329,1381,1948,444391488,208172925,236218563,17,"2022-03-01",2022,"石川","Ishikawa"
2157,878,1279,283986142,126192322,157793820,18,"2022-03-01",2022,"福井","Fukui"
2170,981,1189,300562483,154023958,146538525,19,"2022-03-01",2022,"山梨","Yamanashi"
5998,2666,3332,783100673,387534163,395566510,20,"2022-03-01",2022,"長野","Nagano"
5347,2436,2911,733167639,380392014,352775625,21,"2022-03-01",2022,"岐阜","Gifu"
10596,4797,5799,1443805539,726195782,717609757,22,"2022-03-01",2022,"静岡","Shizuoka"
20584,9261,11323,2958364346,1482726151,1475638195,23,"2022-03-01",2022,"愛知","Aichi"
5637,2648,2989,742440330,401789184,340651146,24,"2022-03-01",2022,"三重","Mie"
4618,2041,2577,630615794,317295346,313320448,25,"2022-03-01",2022,"滋賀","Shiga"
7648,3251,4397,1043290121,501694563,541595558,26,"2022-03-01",2022,"京都","Kyoto"
28515,12528,15987,3965456570,1949299719,2016156851,27,"2022-03-01",2022,"大阪","Osaka"
17324,7524,9800,2398730492,1184553384,1214177108,28,"2022-03-01",2022,"兵庫","Hyogo"
3661,1687,1974,494097260,262346722,231750538,29,"2022-03-01",2022,"奈良","Nara"
2807,1271,1536,358097864,187691491,170406373,30,"2022-03-01",2022,"和歌山","Wakayama"
1776,777,999,222130032,108287669,113842363,31,"2022-03-01",2022,"鳥取","Tottori"
1904,827,1077,241487727,118488368,122999359,32,"2022-03-01",2022,"島根","Shimane"
5898,2631,3267,760178996,383343626,376835370,33,"2022-03-01",2022,"岡山","Okayama"
8838,3846,4992,1198893024,591689820,607203204,34,"2022-03-01",2022,"広島","Hiroshima"
3674,1521,2153,488288860,231570340,256718520,35,"2022-03-01",2022,"山口","Yamaguchi"
2113,1013,1100,278949668,148403654,130546014,36,"2022-03-01",2022,"徳島","Tokushima"
2905,1270,1635,376237386,188175725,188061661,37,"2022-03-01",2022,"香川","Kagawa"
4051,1669,2382,523208652,245530274,277678378,38,"2022-03-01",2022,"愛媛","Ehime"
2310,1012,1298,295187110,143461514,151725596,39,"2022-03-01",2022,"高知","Kochi"
18534,7624,10910,2472186107,1161018069,1311168038,40,"2022-03-01",2022,"福岡","Fukuoka"
2761,1124,1637,340225554,161669733,178555821,41,"2022-03-01",2022,"佐賀","Saga"
4677,1928,2749,591270851,276092351,315178500,42,"2022-03-01",2022,"長崎","Nagasaki"
5896,2528,3368,773067999,380677160,392390839,43,"2022-03-01",2022,"熊本","Kumamoto"
4343,1781,2562,526387547,244584404,281803143,44,"2022-03-01",2022,"大分","Oita"
3858,1608,2250,485164717,230974870,254189847,45,"2022-03-01",2022,"宮崎","Miyazaki"
5657,2240,3417,687253012,313670324,373582688,46,"2022-03-01",2022,"鹿児島","Kagoshima"
4962,2200,2762,637878506,316550713,321327793,47,"2022-03-01",2022,"沖縄","Okinawa"
365713,162401,203312,45268765363,22440274734,22828490629,99,"2022-04-01",2022,"全国","zenkoku"
17799,7265,10534,2042083341,943022520,1099060821,1,"2022-04-01",2022,"北海道","Hokkaido"
4787,2087,2700,517310257,258748428,258561829,2,"2022-04-01",2022,"青森","Aomori"
3428,1511,1917,362585701,179779909,182805792,3,"2022-04-01",2022,"岩手","Iwate"
7180,3078,4102,863104307,419831487,443272820,4,"2022-04-01",2022,"宮城","Miyagi"
2966,1227,1739,316529979,151239384,165290595,5,"2022-04-01",2022,"秋田","Akita"
2777,1246,1531,304178375,150492423,153685952,6,"2022-04-01",2022,"山形","Yamagata"
5749,2673,3076,703971511,367868881,336102630,7,"2022-04-01",2022,"福島","Fukushima"
6714,3196,3518,838831838,447783338,391048500,8,"2022-04-01",2022,"茨城","Ibaraki"
5383,2659,2724,669937215,372729272,297207943,9,"2022-04-01",2022,"栃木","Tochigi"
4912,2390,2522,586723274,319350038,267373236,10,"2022-04-01",2022,"群馬","Gunma"
19665,9623,10042,2518852280,1343868080,1174984200,11,"2022-04-01",2022,"埼玉","Saitama"
16211,7765,8446,2228586263,1176481587,1052104676,12,"2022-04-01",2022,"千葉","Chiba"
37366,16834,20532,5333292610,2555940410,2777352200,13,"2022-04-01",2022,"東京","Tokyo"
23592,11210,12382,3332063120,1715858827,1616204293,14,"2022-04-01",2022,"神奈川","Kanagawa"
6127,2674,3453,717433224,351086216,366347008,15,"2022-04-01",2022,"新潟","Niigata"
2481,1077,1404,281486584,138166877,143319707,16,"2022-04-01",2022,"富山","Toyama"
3285,1373,1912,391298582,182065463,209233119,17,"2022-04-01",2022,"石川","Ishikawa"
2091,842,1249,233357933,105297424,128060509,18,"2022-04-01",2022,"福井","Fukui"
2026,939,1087,246884012,129252857,117631155,19,"2022-04-01",2022,"山梨","Yamanashi"
5591,2444,3147,620728326,305107997,315620329,20,"2022-04-01",2022,"長野","Nagano"
5240,2359,2881,568904263,295106050,273798213,21,"2022-04-01",2022,"岐阜","Gifu"
10013,4487,5526,1235761513,616979898,618781615,22,"2022-04-01",2022,"静岡","Shizuoka"
19983,8951,11032,2503483642,1246542069,1256941573,23,"2022-04-01",2022,"愛知","Aichi"
5409,2495,2914,624996005,327061021,297934984,24,"2022-04-01",2022,"三重","Mie"
4304,1877,2427,481483069,238903675,242579394,25,"2022-04-01",2022,"滋賀","Shiga"
7291,3178,4113,876193334,424821977,451371357,26,"2022-04-01",2022,"京都","Kyoto"
28171,12414,15757,3692933540,1809656013,1883277527,27,"2022-04-01",2022,"大阪","Osaka"
16658,7119,9539,2023834209,985423628,1038410581,28,"2022-04-01",2022,"兵庫","Hyogo"
3562,1639,1923,445570789,229547537,216023252,29,"2022-04-01",2022,"奈良","Nara"
2827,1264,1563,325021794,169089488,155932306,30,"2022-04-01",2022,"和歌山","Wakayama"
1896,800,1096,200087097,95279570,104807527,31,"2022-04-01",2022,"鳥取","Tottori"
1972,834,1138,201620748,95848063,105772685,32,"2022-04-01",2022,"島根","Shimane"
5502,2431,3071,600045389,299687994,300357395,33,"2022-04-01",2022,"岡山","Okayama"
8361,3636,4725,954962270,477917042,477045228,34,"2022-04-01",2022,"広島","Hiroshima"
3626,1518,2108,435355655,209934111,225421544,35,"2022-04-01",2022,"山口","Yamaguchi"
2046,949,1097,234692037,122022076,112669961,36,"2022-04-01",2022,"徳島","Tokushima"
2919,1268,1651,340730632,163071136,177659496,37,"2022-04-01",2022,"香川","Kagawa"
3962,1637,2325,457562603,218838486,238724117,38,"2022-04-01",2022,"愛媛","Ehime"
2318,1002,1316,264323763,129815559,134508204,39,"2022-04-01",2022,"高知","Kochi"
18056,7361,10695,2185843861,1007954717,1177889144,40,"2022-04-01",2022,"福岡","Fukuoka"
2681,1089,1592,299147711,140990421,158157290,41,"2022-04-01",2022,"佐賀","Saga"
4687,1893,2794,509327239,235201841,274125398,42,"2022-04-01",2022,"長崎","Nagasaki"
5720,2413,3307,650567049,311559229,339007820,43,"2022-04-01",2022,"熊本","Kumamoto"
4054,1688,2366,432709520,206361211,226348309,44,"2022-04-01",2022,"大分","Oita"
3891,1616,2275,434104992,209686061,224418931,45,"2022-04-01",2022,"宮崎","Miyazaki"
5628,2225,3403,622935415,282522145,340413270,46,"2022-04-01",2022,"鹿児島","Kagoshima"
4806,2145,2661,557328492,276482298,280846194,47,"2022-04-01",2022,"沖縄","Okinawa"
386617,167652,218965,47654708746,23205091635,24449617111,99,"2022-05-01",2022,"全国","zenkoku"
19349,7581,11768,2234527722,1006825793,1227701929,1,"2022-05-01",2022,"北海道","Hokkaido"
5063,2133,2930,555441371,266728283,288713088,2,"2022-05-01",2022,"青森","Aomori"
3830,1615,2215,413783566,200981775,212801791,3,"2022-05-01",2022,"岩手","Iwate"
7513,3096,4417,879742588,408452148,471290440,4,"2022-05-01",2022,"宮城","Miyagi"
3141,1301,1840,341232968,159135645,182097323,5,"2022-05-01",2022,"秋田","Akita"
3174,1351,1823,350912192,168018552,182893640,6,"2022-05-01",2022,"山形","Yamagata"
5942,2675,3267,703009320,356608508,346400812,7,"2022-05-01",2022,"福島","Fukushima"
7465,3448,4017,942156759,493422610,448734149,8,"2022-05-01",2022,"茨城","Ibaraki"
5404,2582,2822,644258746,343684045,300574701,9,"2022-05-01",2022,"栃木","Tochigi"
5245,2439,2806,633926454,331570677,302355777,10,"2022-05-01",2022,"群馬","Gunma"
20512,9888,10624,2675708231,1418872313,1256835918,11,"2022-05-01",2022,"埼玉","Saitama"
16263,7666,8597,2168766209,1131967721,1036798488,12,"2022-05-01",2022,"千葉","Chiba"
38235,16852,21383,5306106665,2520719921,2785386744,13,"2022-05-01",2022,"東京","Tokyo"
23675,11247,12428,3202140468,1668684341,1533456127,14,"2022-05-01",2022,"神奈川","Kanagawa"
6499,2714,3785,747418421,350376650,397041771,15,"2022-05-01",2022,"新潟","Niigata"
2803,1187,1616,323083070,156341913,166741157,16,"2022-05-01",2022,"富山","Toyama"
3388,1396,1992,391152444,180967875,210184569,17,"2022-05-01",2022,"石川","Ishikawa"
2112,833,1279,238996718,106987449,132009269,18,"2022-05-01",2022,"福井","Fukui"
2076,933,1143,248796548,125194699,123601849,19,"2022-05-01",2022,"山梨","Yamanashi"
6423,2781,3642,750607216,366813477,383793739,20,"2022-05-01",2022,"長野","Nagano"
5551,2474,3077,657166759,330906594,326260165,21,"2022-05-01",2022,"岐阜","Gifu"
10380,4543,5837,1248715098,612664766,636050332,22,"2022-05-01",2022,"静岡","Shizuoka"
21619,9579,12040,2787168866,1376531301,1410637565,23,"2022-05-01",2022,"愛知","Aichi"
5517,2506,3011,668423101,342866341,325556760,24,"2022-05-01",2022,"三重","Mie"
4776,2024,2752,575213885,278853996,296359889,25,"2022-05-01",2022,"滋賀","Shiga"
8150,3416,4734,1032506973,487006851,545500122,26,"2022-05-01",2022,"京都","Kyoto"
29048,12614,16434,3719684840,1812985738,1906699102,27,"2022-05-01",2022,"大阪","Osaka"
17387,7202,10185,2136721674,1001577013,1135144661,28,"2022-05-01",2022,"兵庫","Hyogo"
3816,1736,2080,470024286,240566890,229457396,29,"2022-05-01",2022,"奈良","Nara"
2918,1294,1624,344178153,176928410,167249743,30,"2022-05-01",2022,"和歌山","Wakayama"
1848,799,1049,196706059,92627608,104078451,31,"2022-05-01",2022,"鳥取","Tottori"
2051,833,1218,216013500,101328686,114684814,32,"2022-05-01",2022,"島根","Shimane"
6146,2615,3531,711461653,347707588,363754065,33,"2022-05-01",2022,"岡山","Okayama"
9498,3960,5538,1136597328,543819285,592778043,34,"2022-05-01",2022,"広島","Hiroshima"
3864,1554,2310,454873824,209799019,245074805,35,"2022-05-01",2022,"山口","Yamaguchi"
2345,1076,1269,274633912,141949557,132684355,36,"2022-05-01",2022,"徳島","Tokushima"
3017,1272,1745,347115785,165880215,181235570,37,"2022-05-01",2022,"香川","Kagawa"
4164,1703,2461,477450329,224199596,253250733,38,"2022-05-01",2022,"愛媛","Ehime"
2558,1046,1512,284759630,130288346,154471284,39,"2022-05-01",2022,"高知","Kochi"
20000,7995,12005,2399264425,1090886516,1308377909,40,"2022-05-01",2022,"福岡","Fukuoka"
3077,1209,1868,352737957,158304250,194433707,41,"2022-05-01",2022,"佐賀","Saga"
4925,1911,3014,522461226,231688880,290772346,42,"2022-05-01",2022,"長崎","Nagasaki"
6163,2551,3612,703886397,331923540,371962857,43,"2022-05-01",2022,"熊本","Kumamoto"
4606,1874,2732,516227937,238534655,277693282,44,"2022-05-01",2022,"大分","Oita"
3897,1567,2330,417949811,193778316,224171495,45,"2022-05-01",2022,"宮崎","Miyazaki"
5940,2335,3605,658229623,298676889,359552734,46,"2022-05-01",2022,"鹿児島","Kagoshima"
5244,2246,2998,592768039,280456394,312311645,47,"2022-05-01",2022,"沖縄","Okinawa"
