統計表１　生活保護の被保護世帯数及び実人員,...2,...3,...4,...5,...6,...7,...8,...9,...10,...11,year_month
全国,NA,NA,1635718,1627210,8508,2072929,2061183,11746,16036,15603,2019-09-01
NA,北海道,NA,48233,48148,85,61821,61709,112,383,429,2019-09-01
NA,青森,NA,13640,13615,25,16547,16519,28,107,93,2019-09-01
NA,岩手,NA,6717,6673,44,8399,8334,65,75,73,2019-09-01
NA,宮城,NA,8477,8440,37,11068,11010,58,102,88,2019-09-01
NA,秋田,NA,6985,6961,24,8805,8769,36,65,71,2019-09-01
NA,山形,NA,4771,4725,46,5771,5712,59,62,46,2019-09-01
NA,福島,NA,5530,5504,26,6714,6683,31,70,65,2019-09-01
NA,茨城,NA,22679,22550,129,28266,28101,165,294,248,2019-09-01
NA,栃木,NA,9794,9737,57,11951,11861,90,105,94,2019-09-01
NA,群馬,NA,6229,6202,27,7388,7355,33,61,60,2019-09-01
NA,埼玉,NA,44454,44291,163,57208,56988,220,476,407,2019-09-01
NA,千葉,NA,40775,40580,195,52027,51755,272,432,373,2019-09-01
NA,東京,NA,224391,223248,1143,275969,274332,1637,2046,1972,2019-09-01
NA,神奈川,NA,27134,27003,131,34965,34773,192,321,283,2019-09-01
NA,新潟,NA,7090,7047,43,8896,8833,63,85,77,2019-09-01
NA,富山,NA,1443,1403,40,1644,1597,47,13,18,2019-09-01
NA,石川,NA,2573,2540,33,2982,2934,48,25,17,2019-09-01
NA,福井,NA,1401,1374,27,1635,1604,31,18,17,2019-09-01
NA,山梨,NA,3361,3322,39,4149,4093,56,41,36,2019-09-01
NA,長野,NA,6360,6293,67,7739,7652,87,68,79,2019-09-01
NA,岐阜,NA,4382,4329,53,5315,5251,64,50,45,2019-09-01
NA,静岡,NA,12235,12149,86,14918,14812,106,166,136,2019-09-01
NA,愛知,NA,17694,17562,132,22398,22224,174,213,195,2019-09-01
NA,三重,NA,12566,12468,98,15687,15548,139,143,120,2019-09-01
NA,滋賀,NA,5150,5121,29,7051,7001,50,65,50,2019-09-01
NA,京都,NA,10103,10036,67,14001,13884,117,83,107,2019-09-01
NA,大阪,NA,45029,44851,178,59494,59236,258,439,441,2019-09-01
NA,兵庫,NA,13881,13755,126,18082,17901,181,134,142,2019-09-01
NA,奈良,NA,9300,9246,54,12340,12243,97,58,81,2019-09-01
NA,和歌山,NA,4876,4837,39,5896,5849,47,49,54,2019-09-01
NA,鳥取,NA,3269,3255,14,4017,4001,16,33,43,2019-09-01
NA,島根,NA,2428,2419,9,2987,2974,13,26,26,2019-09-01
NA,岡山,NA,3702,3681,21,4565,4542,23,43,47,2019-09-01
NA,広島,NA,5688,5640,48,7423,7352,71,80,62,2019-09-01
NA,山口,NA,8553,8490,63,10520,10436,84,66,101,2019-09-01
NA,徳島,NA,10408,10368,40,13043,12993,50,64,79,2019-09-01
NA,香川,NA,3301,3261,40,4168,4104,64,21,36,2019-09-01
NA,愛媛,NA,7574,7504,70,9224,9128,96,65,62,2019-09-01
NA,高知,NA,5799,5745,54,7147,7074,73,68,57,2019-09-01
NA,福岡,NA,37587,37452,135,51099,50864,235,250,302,2019-09-01
NA,佐賀,NA,6527,6478,49,7855,7792,63,67,57,2019-09-01
NA,長崎,NA,7994,7960,34,10282,10240,42,58,72,2019-09-01
NA,熊本,NA,7499,7462,37,9482,9421,61,85,106,2019-09-01
NA,大分,NA,9107,9036,71,11198,11108,90,85,64,2019-09-01
NA,宮崎,NA,7445,7419,26,9211,9172,39,72,89,2019-09-01
NA,鹿児島,NA,11817,11680,137,15117,14942,175,104,114,2019-09-01
NA,沖縄,NA,19447,19340,107,24871,24691,180,218,174,2019-09-01
指定都市（別掲）,NA,NA,NA,NA,NA,NA,NA,NA,NA,NA,2019-09-01
NA,札幌市,NA,55190,55036,154,71651,71464,187,571,553,2019-09-01
NA,仙台市,NA,13937,13836,101,18226,18094,132,173,133,2019-09-01
NA,さいたま市,NA,15382,15323,59,19687,19599,88,161,174,2019-09-01
NA,千葉市,NA,16957,16761,196,20966,20688,278,227,220,2019-09-01
NA,横浜市,NA,53922,53798,124,69021,68844,177,602,571,2019-09-01
NA,川崎市,NA,23705,23652,53,30249,30174,75,252,265,2019-09-01
NA,相模原市,NA,10299,10271,28,13840,13798,42,116,95,2019-09-01
NA,新潟市,NA,9225,9187,38,11882,11828,54,94,87,2019-09-01
NA,静岡市,NA,7303,7232,71,9244,9151,93,74,64,2019-09-01
NA,浜松市,NA,5689,5611,78,7185,7083,102,60,83,2019-09-01
NA,名古屋市,NA,38295,38074,221,47446,47164,282,519,481,2019-09-01
NA,京都市,NA,32355,31930,425,42876,42274,602,325,331,2019-09-01
NA,大阪市,NA,113033,112380,653,136516,135718,798,1214,1235,2019-09-01
NA,堺市,NA,19302,19270,32,25289,25246,43,225,206,2019-09-01
NA,神戸市,NA,34121,33956,165,45056,44833,223,303,302,2019-09-01
NA,岡山市,NA,9923,9870,53,13057,12988,69,86,105,2019-09-01
NA,広島市,NA,18559,18502,57,24350,24276,74,152,171,2019-09-01
NA,北九州市,NA,18372,18297,75,22918,22838,80,138,150,2019-09-01
NA,福岡市,NA,33600,33457,143,42914,42735,179,368,367,2019-09-01
NA,熊本市,NA,11872,11837,35,15055,15003,52,138,140,2019-09-01
中核市　（別掲）,NA,NA,NA,NA,NA,NA,NA,NA,NA,NA,2019-09-01
NA,旭川市,NA,9906,9854,52,12405,12347,58,79,73,2019-09-01
NA,函館市,NA,9395,9378,17,11723,11702,21,91,88,2019-09-01
NA,青森市,NA,6760,6757,3,8425,8422,3,51,41,2019-09-01
NA,八戸市,NA,3523,3502,21,4350,4322,28,17,23,2019-09-01
NA,盛岡市,NA,3832,3808,24,4691,4657,34,42,33,2019-09-01
NA,秋田市,NA,4321,4317,4,5379,5375,4,30,21,2019-09-01
NA,山形市,NA,1761,1733,28,2149,2112,37,22,11,2019-09-01
NA,郡山市,NA,2679,2673,6,3279,3273,6,31,20,2019-09-01
NA,いわき市,NA,3352,3345,7,4351,4343,8,45,47,2019-09-01
NA,福島市,NA,2494,2494,0,3069,3069,0,29,25,2019-09-01
NA,宇都宮市,NA,6667,6636,31,8344,8296,48,50,32,2019-09-01
NA,前橋市,NA,3369,3322,47,4071,4015,56,35,26,2019-09-01
NA,高崎市,NA,2935,2912,23,3515,3489,26,29,35,2019-09-01
NA,川越市,NA,3378,3374,4,4369,4364,5,31,31,2019-09-01
NA,越谷市,NA,3236,3222,14,4263,4242,21,33,28,2019-09-01
NA,川口市,NA,8957,8928,29,11549,11506,43,91,64,2019-09-01
NA,船橋市,NA,7133,7086,47,9091,9015,76,76,67,2019-09-01
NA,柏市,NA,3673,3668,5,4704,4694,10,54,33,2019-09-01
NA,八王子市,NA,7385,7375,10,9388,9375,13,67,45,2019-09-01
NA,横須賀市,NA,4060,4032,28,5169,5128,41,34,29,2019-09-01
NA,富山市,NA,1792,1791,1,2050,2049,1,27,13,2019-09-01
NA,金沢市,NA,3546,3522,24,4134,4106,28,39,27,2019-09-01
NA,福井市,NA,2027,1999,28,2524,2486,38,15,10,2019-09-01
NA,甲府市,NA,2345,2326,19,2863,2838,25,18,22,2019-09-01
NA,長野市,NA,2656,2629,27,3348,3303,45,19,27,2019-09-01
NA,岐阜市,NA,5252,5194,58,6354,6277,77,34,42,2019-09-01
NA,豊橋市,NA,1690,1671,19,2021,1999,22,8,18,2019-09-01
NA,豊田市,NA,1744,1734,10,2341,2319,22,13,19,2019-09-01
NA,岡崎市,NA,1586,1575,11,2005,1988,17,12,13,2019-09-01
NA,大津市,NA,3039,3014,25,3989,3952,37,23,33,2019-09-01
NA,高槻市,NA,4245,4234,11,5892,5873,19,33,33,2019-09-01
NA,東大阪市,NA,14127,14069,58,18430,18352,78,105,130,2019-09-01
NA,豊中市,NA,7569,7541,28,9875,9825,50,51,40,2019-09-01
NA,枚方市,NA,5762,5721,41,7688,7622,66,38,40,2019-09-01
NA,八尾市,NA,5860,5857,3,7757,7753,4,76,44,2019-09-01
NA,寝屋川市,NA,5461,5428,33,7266,7217,49,57,38,2019-09-01
NA,姫路市,NA,6702,6689,13,8434,8417,17,51,63,2019-09-01
NA,西宮市,NA,5899,5822,77,7862,7717,145,30,32,2019-09-01
NA,尼崎市,NA,13795,13769,26,17779,17749,30,113,118,2019-09-01
NA,明石市,NA,3942,3916,26,5207,5173,34,26,32,2019-09-01
NA,奈良市,NA,5396,5320,76,7300,7173,127,28,28,2019-09-01
NA,和歌山市,NA,7509,7488,21,9101,9070,31,62,74,2019-09-01
NA,鳥取市,NA,2224,2191,33,2989,2943,46,25,26,2019-09-01
NA,松江市,NA,2075,2065,10,2691,2673,18,17,21,2019-09-01
NA,倉敷市,NA,5256,5241,15,7121,7097,24,60,51,2019-09-01
NA,福山市,NA,4804,4792,12,6191,6175,16,35,38,2019-09-01
NA,呉市,NA,2796,2771,25,3548,3504,44,23,23,2019-09-01
NA,下関市,NA,3279,3264,15,4032,4016,16,24,36,2019-09-01
NA,高松市,NA,4913,4855,58,6202,6132,70,27,48,2019-09-01
NA,松山市,NA,9755,9745,10,11848,11837,11,58,68,2019-09-01
NA,高知市,NA,9038,8973,65,11550,11464,86,65,81,2019-09-01
NA,久留米市,NA,5081,5066,15,6512,6495,17,28,33,2019-09-01
NA,長崎市,NA,9454,9381,73,12412,12324,88,49,64,2019-09-01
NA,佐世保市,NA,4089,4081,8,5199,5190,9,38,40,2019-09-01
NA,大分市,NA,7033,6984,49,8582,8519,63,54,56,2019-09-01
NA,宮崎市,NA,6876,6860,16,8672,8656,16,57,58,2019-09-01
NA,鹿児島市,NA,11712,11618,94,15124,14986,138,93,79,2019-09-01
NA,那覇市,NA,10134,10118,16,12989,12973,16,116,72,2019-09-01
